MEME version 4

ALPHABET= ACGT

strands: + -

Background letter frequencies
A 0.25 C 0.25 G 0.25 T 0.25

MOTIF AC0235093
letter-probability matrix: alength= 4 w= 14 nsites= 1000
0.14685 0.30470 0.25475 0.29371
0.17900 0.11000 0.42000 0.29100
0.71200 0.01600 0.26900 0.00300
0.00100 0.00300 0.00000 0.99600
0.00100 0.00200 0.87500 0.12200
0.99400 0.00400 0.00100 0.00100
0.00000 0.99600 0.00000 0.00400
0.00300 0.00200 0.99400 0.00100
0.00100 0.00300 0.00000 0.99600
0.08308 0.91592 0.00000 0.00100
0.99700 0.00200 0.00000 0.00100
0.00200 0.16000 0.01600 0.82200
0.23100 0.37800 0.12600 0.26500
0.24000 0.21500 0.34200 0.20300
URL None

MOTIF AC1386961
letter-probability matrix: alength= 4 w= 15 nsites= 1000
0.18200 0.28700 0.24700 0.28400
0.01500 0.00100 0.98400 0.00000
0.09700 0.79600 0.03000 0.07700
0.02600 0.08500 0.04500 0.84400
0.85800 0.10400 0.00500 0.03300
1.00000 0.00000 0.00000 0.00000
0.00000 1.00000 0.00000 0.00000
0.00100 0.01700 0.00000 0.98200
0.00000 1.00000 0.00000 0.00000
0.00000 0.00100 0.00100 0.99800
0.00000 1.00000 0.00000 0.00000
0.02000 0.98000 0.00000 0.00000
0.30300 0.07600 0.59800 0.02300
0.04600 0.66600 0.04400 0.24400
0.36800 0.19500 0.27800 0.15900
URL None

MOTIF AHR
letter-probability matrix: alength= 4 w= 9 nsites= 1000
0.18100 0.10500 0.43400 0.28000
0.00000 1.00000 0.00000 0.00000
0.97300 0.00500 0.02200 0.00000
0.00200 0.97097 0.00501 0.02202
0.01399 0.00999 0.97602 0.00000
0.02700 0.94700 0.00900 0.01700
0.43944 0.13413 0.28529 0.14114
0.62700 0.22500 0.07700 0.07100
0.25200 0.36600 0.11900 0.26300
URL None

MOTIF AIRE
letter-probability matrix: alength= 4 w= 18 nsites= 1000
0.22200 0.10800 0.26700 0.40300
0.36364 0.15884 0.02298 0.45455
0.56800 0.18200 0.18200 0.06800
0.43200 0.25000 0.09100 0.22700
0.02300 0.97700 0.00000 0.00000
0.09100 0.88600 0.02300 0.00000
0.56857 0.06807 0.13614 0.22723
0.50050 0.06807 0.04505 0.38639
0.25000 0.13600 0.09100 0.52300
0.45500 0.13600 0.06800 0.34100
0.36400 0.13600 0.13600 0.36400
0.50000 0.02300 0.09100 0.38600
0.61400 0.02300 0.04500 0.31800
0.18200 0.81800 0.00000 0.00000
0.06807 0.88689 0.00000 0.04505
0.52300 0.20500 0.13600 0.13600
0.50000 0.13600 0.18200 0.18200
0.21600 0.12500 0.26100 0.39800
URL None

MOTIF ALX1
letter-probability matrix: alength= 4 w= 11 nsites= 1000
0.00400 0.00000 0.00000 0.99600
0.99900 0.00000 0.00100 0.00000
1.00000 0.00000 0.00000 0.00000
0.00000 0.00300 0.00000 0.99700
0.00000 0.73273 0.00501 0.26226
0.02202 0.01201 0.02503 0.94094
0.99800 0.00000 0.00200 0.00000
1.00000 0.00000 0.00000 0.00000
0.00000 0.00000 0.00000 1.00000
0.00600 0.00000 0.00000 0.99400
0.99499 0.00000 0.00000 0.00501
URL None

MOTIF ALX3
letter-probability matrix: alength= 4 w= 8 nsites= 1000
0.16900 0.22300 0.32900 0.27900
0.02800 0.10000 0.01900 0.85300
0.87900 0.04600 0.07100 0.00400
1.00000 0.00000 0.00000 0.00000
0.00000 0.00000 0.00000 1.00000
0.03596 0.04795 0.08092 0.83516
0.52348 0.05794 0.34965 0.06893
0.19219 0.19520 0.52953 0.08308
URL None

MOTIF ALX4
letter-probability matrix: alength= 4 w= 8 nsites= 1000
0.16700 0.23600 0.31700 0.28000
0.00300 0.14300 0.03100 0.82300
0.84700 0.05300 0.10000 0.00000
1.00000 0.00000 0.00000 0.00000
0.00000 0.00000 0.00400 0.99600
0.00899 0.09391 0.09491 0.80220
0.49000 0.11800 0.31700 0.07500
0.21800 0.23400 0.45000 0.09800
URL None

MOTIF ANHX
letter-probability matrix: alength= 4 w= 8 nsites= 1000
0.07193 0.12488 0.16084 0.64236
0.03704 0.00000 0.01201 0.95095
0.07193 0.00000 0.64236 0.28571
1.00000 0.00000 0.00000 0.00000
0.00000 0.88388 0.00000 0.11612
0.83616 0.13986 0.01199 0.01199
0.52600 0.04000 0.07900 0.35500
0.22022 0.01702 0.76276 0.00000
URL None

MOTIF AR
letter-probability matrix: alength= 4 w= 17 nsites= 1000
0.32900 0.12300 0.39300 0.15500
0.34500 0.00100 0.64100 0.01300
0.00400 0.00000 0.99300 0.00300
0.41600 0.08700 0.04300 0.45400
0.99100 0.00000 0.00100 0.00800
0.00000 0.99900 0.00100 0.00000
0.88800 0.00300 0.09700 0.01200
0.07193 0.57942 0.08691 0.26174
0.19000 0.37100 0.22900 0.21000
0.28871 0.13287 0.49750 0.08092
0.00500 0.11888 0.00899 0.86713
0.00100 0.00200 0.99500 0.00200
0.00100 0.00100 0.00200 0.99600
0.38062 0.06793 0.10789 0.44356
0.00200 0.99600 0.00000 0.00200
0.00600 0.69500 0.00500 0.29400
0.09200 0.50100 0.05400 0.35300
URL None

MOTIF ARGFX
letter-probability matrix: alength= 4 w= 10 nsites= 1000
0.19000 0.14200 0.24700 0.42100
0.05000 0.34600 0.03100 0.57300
0.05305 0.07608 0.02503 0.84585
0.99700 0.00000 0.00300 0.00000
1.00000 0.00000 0.00000 0.00000
0.00000 0.00000 0.00000 1.00000
0.00000 0.00000 0.00300 0.99700
0.91792 0.00501 0.06206 0.01502
0.17500 0.06900 0.65500 0.10100
0.39100 0.26900 0.10500 0.23500
URL None

MOTIF ARID3A
letter-probability matrix: alength= 4 w= 9 nsites= 1000
0.19680 0.27073 0.20480 0.32767
0.40360 0.08192 0.25974 0.25475
1.00000 0.00000 0.00000 0.00000
0.00100 0.00100 0.00000 0.99800
0.16583 0.37662 0.03297 0.42458
0.73273 0.05305 0.12012 0.09409
0.66100 0.09300 0.11400 0.13200
0.51000 0.09900 0.17500 0.21600
0.33600 0.22700 0.14500 0.29200
URL None

MOTIF ARID3B
letter-probability matrix: alength= 4 w= 11 nsites= 1000
0.21622 0.21622 0.21622 0.35135
0.17000 0.17000 0.17000 0.49000
0.49750 0.07293 0.16783 0.26174
0.91100 0.00000 0.00000 0.08900
0.08900 0.00000 0.00000 0.91100
0.00000 0.00000 0.00000 1.00000
1.00000 0.00000 0.00000 0.00000
0.89590 0.00000 0.00000 0.10410
0.23800 0.03400 0.11900 0.60900
0.56657 0.08008 0.08008 0.27327
0.17718 0.17718 0.17718 0.46847
URL None

MOTIF ARID3C
letter-probability matrix: alength= 4 w= 9 nsites= 1000
0.24700 0.26700 0.23200 0.25400
0.37800 0.09000 0.24600 0.28600
0.93293 0.02002 0.02402 0.02302
0.10911 0.05706 0.09409 0.73974
0.19820 0.33433 0.11311 0.35435
0.70900 0.05600 0.13900 0.09600
0.60761 0.10010 0.14114 0.15115
0.51952 0.10811 0.18719 0.18519
0.34735 0.20220 0.18519 0.26527
URL None

MOTIF ARID5A
letter-probability matrix: alength= 4 w= 11 nsites= 1000
0.30000 0.19900 0.19900 0.30200
0.28300 0.46600 0.07300 0.17800
0.92807 0.02398 0.02398 0.02398
1.00000 0.00000 0.00000 0.00000
0.00000 0.00000 0.00000 1.00000
1.00000 0.00000 0.00000 0.00000
0.00000 0.00000 0.00000 1.00000
0.00000 0.09710 0.00000 0.90290
0.54200 0.05100 0.15000 0.25700
0.17700 0.27800 0.17700 0.36800
0.22623 0.32132 0.22623 0.22623
URL None

MOTIF ARID5B
letter-probability matrix: alength= 4 w= 13 nsites= 1000
0.21700 0.08300 0.35000 0.35000
0.13300 0.26700 0.40000 0.20000
0.00000 0.26700 0.20000 0.53300
0.00000 0.13313 0.33333 0.53353
0.33300 0.06700 0.33300 0.26700
0.19980 0.06693 0.66633 0.06693
0.00000 0.00000 0.00000 1.00000
0.86700 0.00000 0.13300 0.00000
0.00000 0.13300 0.00000 0.86700
0.00000 0.06693 0.06693 0.86613
0.13300 0.26700 0.53300 0.06700
0.13300 0.06700 0.26700 0.53300
0.25000 0.11700 0.45000 0.18300
URL None

MOTIF ARNT
letter-probability matrix: alength= 4 w= 9 nsites= 1000
0.15200 0.28400 0.43000 0.13400
0.13800 0.07400 0.24200 0.54600
0.70200 0.03000 0.24600 0.02200
0.01000 0.94800 0.00200 0.04000
0.00600 0.00200 0.99000 0.00200
0.00000 0.00000 0.00200 0.99800
0.00000 0.00600 0.99200 0.00200
0.35600 0.52600 0.02400 0.09400
0.15400 0.50200 0.14400 0.20000
URL None

MOTIF ARNT2
letter-probability matrix: alength= 4 w= 10 nsites= 1000
0.25175 0.09091 0.61538 0.04196
0.14800 0.07600 0.14700 0.62900
0.01200 0.98500 0.00300 0.00000
0.97300 0.00300 0.01300 0.01100
0.00000 0.99600 0.00000 0.00400
0.00200 0.00000 0.99800 0.00000
0.01500 0.02200 0.00300 0.96000
0.00000 0.00000 0.97698 0.02302
0.35900 0.42700 0.07600 0.13800
0.19419 0.30631 0.29630 0.20320
URL None

MOTIF ARNTL
letter-probability matrix: alength= 4 w= 10 nsites= 1000
0.27173 0.14486 0.52048 0.06294
0.19600 0.11500 0.17800 0.51100
0.02000 0.97300 0.00500 0.00200
0.89400 0.01000 0.07100 0.02500
0.00000 0.95996 0.00400 0.03604
0.02900 0.00300 0.96800 0.00000
0.02100 0.07300 0.00900 0.89700
0.00200 0.00000 0.96200 0.03600
0.28571 0.39860 0.12188 0.19381
0.20900 0.31600 0.28200 0.19300
URL None

MOTIF ARX
letter-probability matrix: alength= 4 w= 8 nsites= 1000
0.17017 0.23824 0.27227 0.31932
0.10889 0.11788 0.06194 0.71129
0.75600 0.06200 0.13000 0.05200
1.00000 0.00000 0.00000 0.00000
0.00000 0.00400 0.00700 0.98900
0.09000 0.09900 0.08200 0.72900
0.48700 0.10400 0.29200 0.11700
0.25175 0.18981 0.45355 0.10490
URL None

MOTIF ASCL1
letter-probability matrix: alength= 4 w= 10 nsites= 1000
0.28700 0.21000 0.33900 0.16400
0.25200 0.09900 0.58200 0.06700
0.00000 0.99700 0.00000 0.00300
0.91091 0.03203 0.01201 0.04505
0.01700 0.20000 0.68600 0.09700
0.11200 0.68100 0.20400 0.00300
0.02500 0.00500 0.02600 0.94400
0.01200 0.00000 0.98200 0.00600
0.03297 0.56643 0.15085 0.24975
0.19100 0.33700 0.20100 0.27100
URL None

MOTIF ASCL2
letter-probability matrix: alength= 4 w= 10 nsites= 1000
0.33500 0.21500 0.30400 0.14600
0.23400 0.12800 0.60500 0.03300
0.00000 1.00000 0.00000 0.00000
0.91992 0.05005 0.00000 0.03003
0.01400 0.15400 0.74900 0.08300
0.08192 0.75924 0.15684 0.00200
0.02100 0.00000 0.01500 0.96400
0.00000 0.00000 1.00000 0.00000
0.04905 0.57758 0.11512 0.25826
0.14200 0.35400 0.19200 0.31200
URL None

MOTIF ATF1
letter-probability matrix: alength= 4 w= 10 nsites= 1000
0.20220 0.22723 0.39740 0.17317
0.46600 0.20200 0.29100 0.04100
0.02300 0.04600 0.02000 0.91100
0.01600 0.02600 0.75900 0.19900
0.87000 0.00100 0.06800 0.06100
0.02500 0.74800 0.05900 0.16800
0.14300 0.06900 0.77100 0.01700
0.05700 0.16800 0.00500 0.77000
0.32300 0.63500 0.03100 0.01100
0.85700 0.02100 0.07200 0.05000
URL None

MOTIF ATF2
letter-probability matrix: alength= 4 w= 12 nsites= 1000
0.18018 0.30030 0.32032 0.19920
0.35400 0.16400 0.37600 0.10600
0.03400 0.09900 0.02200 0.84500
0.06593 0.09790 0.53546 0.30070
0.84785 0.04004 0.05305 0.05906
0.00000 0.97598 0.02302 0.00100
0.19019 0.02302 0.77477 0.01201
0.05105 0.06006 0.03303 0.85586
0.25275 0.58741 0.08292 0.07692
0.83400 0.02100 0.11100 0.03400
0.10500 0.40000 0.15100 0.34400
0.20400 0.31500 0.28200 0.19900
URL None

MOTIF ATF3
letter-probability matrix: alength= 4 w= 11 nsites= 1000
0.19019 0.18619 0.56957 0.05405
0.13900 0.00000 0.86100 0.00000
0.00000 0.04400 0.00000 0.95600
0.00000 0.77600 0.22400 0.00000
0.99700 0.00000 0.00000 0.00300
0.00000 0.95205 0.01399 0.03397
0.05400 0.00000 0.94600 0.00000
0.00000 0.00700 0.00000 0.99300
0.04396 0.17982 0.76224 0.01399
0.52500 0.11200 0.30200 0.06100
0.05800 0.46100 0.29800 0.18300
URL None

MOTIF ATF4
letter-probability matrix: alength= 4 w= 14 nsites= 1000
0.25900 0.02200 0.65600 0.06300
0.07792 0.08891 0.66533 0.16783
0.74600 0.23300 0.02100 0.00000
0.00000 0.00000 0.00000 1.00000
0.00000 0.00000 1.00000 0.00000
0.99900 0.00100 0.00000 0.00000
0.00000 1.00000 0.00000 0.00000
0.00400 0.00000 0.99600 0.00000
0.00000 0.00000 0.00000 1.00000
0.00000 1.00000 0.00000 0.00000
1.00000 0.00000 0.00000 0.00000
0.00000 0.02000 0.23600 0.74400
0.16800 0.66600 0.08500 0.08100
0.06300 0.65500 0.02200 0.26000
URL None

MOTIF ATF6
letter-probability matrix: alength= 4 w= 14 nsites= 1000
0.07508 0.20220 0.09810 0.62462
0.08108 0.12913 0.63764 0.15215
0.54900 0.14200 0.30600 0.00300
0.00000 0.00200 0.00000 0.99800
0.00300 0.00300 0.99100 0.00300
0.98800 0.00100 0.00900 0.00200
0.00000 0.99900 0.00000 0.00100
0.00200 0.00000 0.99800 0.00000
0.00000 0.00300 0.00000 0.99700
0.02098 0.00000 0.96603 0.01299
0.00500 0.00100 0.85000 0.14400
0.02500 0.96500 0.00000 0.01000
0.75000 0.03600 0.17700 0.03700
0.20700 0.26000 0.29900 0.23400
URL None

MOTIF ATF6B
letter-probability matrix: alength= 4 w= 12 nsites= 1000
0.13400 0.15100 0.52600 0.18900
0.35465 0.10889 0.51948 0.01698
0.00100 0.01101 0.00601 0.98198
0.00100 0.00500 0.98100 0.01300
0.99100 0.00600 0.00300 0.00000
0.00100 0.99499 0.00300 0.00100
0.00100 0.00100 0.99700 0.00100
0.00000 0.00000 0.00600 0.99400
0.01100 0.00000 0.97900 0.01000
0.00200 0.00100 0.83000 0.16700
0.02300 0.95700 0.00400 0.01600
0.64900 0.04900 0.24300 0.05900
URL None

MOTIF ATF7
letter-probability matrix: alength= 4 w= 14 nsites= 1000
0.14685 0.30470 0.25475 0.29371
0.17900 0.11000 0.42000 0.29100
0.71200 0.01600 0.26900 0.00300
0.00100 0.00300 0.00000 0.99600
0.00100 0.00200 0.87500 0.12200
0.99400 0.00400 0.00100 0.00100
0.00000 0.99600 0.00000 0.00400
0.00300 0.00200 0.99400 0.00100
0.00100 0.00300 0.00000 0.99600
0.08308 0.91592 0.00000 0.00100
0.99700 0.00200 0.00000 0.00100
0.00200 0.16000 0.01600 0.82200
0.23100 0.37800 0.12600 0.26500
0.24000 0.21500 0.34200 0.20300
URL None

MOTIF ATOH1
letter-probability matrix: alength= 4 w= 10 nsites= 1000
0.68268 0.08509 0.23223 0.00000
0.73600 0.13100 0.13300 0.00000
0.00000 1.00000 0.00000 0.00000
0.94700 0.00000 0.00000 0.05300
0.00000 0.00000 0.88300 0.11700
0.13000 0.87000 0.00000 0.00000
0.00000 0.00000 0.00000 1.00000
0.00000 0.00000 1.00000 0.00000
0.06800 0.21600 0.02600 0.69000
0.00000 0.68900 0.00000 0.31100
URL None

MOTIF ATOH7
letter-probability matrix: alength= 4 w= 10 nsites= 1000
0.70300 0.09600 0.14000 0.06100
0.42442 0.29630 0.21622 0.06306
0.00000 1.00000 0.00000 0.00000
0.81618 0.00000 0.11688 0.06693
0.01700 0.11900 0.06600 0.79800
0.73400 0.18600 0.08000 0.00000
0.00000 0.03300 0.03300 0.93400
0.00000 0.00000 1.00000 0.00000
0.00699 0.21778 0.36663 0.40859
0.02300 0.54700 0.00300 0.42700
URL None

MOTIF BACH1
letter-probability matrix: alength= 4 w= 10 nsites= 1000
0.00000 0.00000 0.00000 1.00000
0.00000 0.00000 1.00000 0.00000
1.00000 0.00000 0.00000 0.00000
0.00000 0.71500 0.25100 0.03400
0.00000 0.00000 0.00000 1.00000
0.00000 1.00000 0.00000 0.00000
1.00000 0.00000 0.00000 0.00000
0.00000 0.00000 0.93900 0.06100
0.00000 1.00000 0.00000 0.00000
0.78800 0.00000 0.05600 0.15600
URL None

MOTIF BACH2
letter-probability matrix: alength= 4 w= 14 nsites= 1000
0.19000 0.26000 0.36000 0.19000
0.45000 0.27400 0.22300 0.05300
0.00600 0.01000 0.00500 0.97900
0.01200 0.00700 0.94300 0.03800
0.97103 0.00999 0.00799 0.01099
0.03900 0.76000 0.15400 0.04700
0.05800 0.00800 0.01600 0.91800
0.03203 0.94995 0.00701 0.01101
0.95700 0.00700 0.01600 0.02000
0.02400 0.02500 0.86500 0.08600
0.04200 0.88700 0.04500 0.02600
0.70470 0.08408 0.09009 0.12112
0.27027 0.21321 0.26426 0.25225
0.28000 0.19500 0.15500 0.37000
URL None

MOTIF BARHL1
letter-probability matrix: alength= 4 w= 8 nsites= 1000
0.15700 0.36900 0.30400 0.17000
0.00000 0.01000 0.00000 0.99000
0.98700 0.00000 0.01300 0.00000
1.00000 0.00000 0.00000 0.00000
0.25900 0.04400 0.21400 0.48300
0.08600 0.27500 0.18900 0.45000
0.18000 0.00000 0.82000 0.00000
0.18000 0.40100 0.25400 0.16500
URL None

MOTIF BARHL2
letter-probability matrix: alength= 4 w= 9 nsites= 1000
0.17900 0.43700 0.13400 0.25000
0.00000 0.00000 0.00000 1.00000
1.00000 0.00000 0.00000 0.00000
1.00000 0.00000 0.00000 0.00000
0.23600 0.00000 0.09100 0.67300
0.06000 0.15200 0.08300 0.70500
0.06700 0.00000 0.93300 0.00000
0.17200 0.38500 0.26600 0.17700
0.10100 0.31100 0.14400 0.44400
URL None

MOTIF BARX1
letter-probability matrix: alength= 4 w= 17 nsites= 1000
0.07608 0.01702 0.00601 0.90090
0.95300 0.00200 0.03400 0.01100
0.99600 0.00000 0.00200 0.00200
0.08500 0.07600 0.15700 0.68200
0.03303 0.45646 0.23123 0.27928
0.09900 0.08700 0.71600 0.09800
0.18282 0.25874 0.28671 0.27173
0.17400 0.11400 0.07300 0.63900
0.49500 0.04900 0.03200 0.42400
0.22000 0.06300 0.07500 0.64200
0.17300 0.06200 0.04800 0.71700
0.03700 0.00800 0.00400 0.95100
0.96500 0.00300 0.02900 0.00300
0.99100 0.00200 0.00400 0.00300
0.05694 0.09890 0.12887 0.71528
0.08609 0.25025 0.32332 0.34034
0.22500 0.07500 0.57100 0.12900
URL None

MOTIF BARX2
letter-probability matrix: alength= 4 w= 12 nsites= 1000
0.18519 0.26126 0.32733 0.22623
0.12800 0.01200 0.01000 0.85000
0.93200 0.00000 0.06700 0.00100
0.99900 0.00100 0.00000 0.00000
0.00000 0.26026 0.00100 0.73874
0.06507 0.09710 0.53854 0.29930
0.35235 0.04104 0.52052 0.08609
0.07600 0.07800 0.08900 0.75700
0.20800 0.00300 0.00100 0.78800
0.34600 0.00200 0.00200 0.65000
0.32100 0.10200 0.10100 0.47600
0.22877 0.23776 0.22777 0.30569
URL None

MOTIF BATF
letter-probability matrix: alength= 4 w= 10 nsites= 1000
0.20979 0.22378 0.41459 0.15185
0.37000 0.35800 0.20700 0.06500
0.57600 0.16600 0.22900 0.02900
0.02800 0.32600 0.05100 0.59500
0.00000 0.17100 0.82900 0.00000
0.63300 0.16800 0.12100 0.07800
0.00000 0.76000 0.01900 0.22100
0.79200 0.00000 0.20800 0.00000
0.00599 0.85614 0.08192 0.05594
0.19800 0.13300 0.45200 0.21700
URL None

MOTIF BATF3
letter-probability matrix: alength= 4 w= 12 nsites= 1000
0.12000 0.18800 0.54100 0.15100
0.56743 0.12587 0.26474 0.04196
0.00801 0.03303 0.01201 0.94695
0.01000 0.01400 0.90900 0.06700
0.98500 0.01200 0.00000 0.00300
0.00200 0.99200 0.00600 0.00000
0.13213 0.00000 0.86687 0.00100
0.01600 0.02700 0.00000 0.95700
0.05100 0.92000 0.01900 0.01000
0.98300 0.00200 0.01400 0.00100
0.02897 0.31169 0.15784 0.50150
0.13000 0.50700 0.23600 0.12700
URL None

MOTIF BBX
letter-probability matrix: alength= 4 w= 13 nsites= 1000
0.05700 0.00000 0.03600 0.90700
0.02002 0.00000 0.97598 0.00400
0.96100 0.02100 0.00300 0.01500
0.71129 0.00100 0.01998 0.26773
0.01000 0.87200 0.07300 0.04500
0.37200 0.09200 0.39300 0.14300
0.16700 0.33600 0.35200 0.14500
0.12887 0.40559 0.09191 0.37363
0.04500 0.07700 0.86600 0.01200
0.26800 0.01700 0.00000 0.71500
0.02202 0.00000 0.03804 0.93994
0.00100 0.98700 0.00000 0.01200
0.89011 0.03996 0.00000 0.06993
URL None

MOTIF BCL11A
letter-probability matrix: alength= 4 w= 8 nsites= 1000
0.33734 0.18519 0.29029 0.18719
0.22100 0.30100 0.20800 0.27000
0.06800 0.10300 0.08400 0.74500
0.02200 0.01300 0.96300 0.00200
0.56800 0.06100 0.08100 0.29000
0.02700 0.97300 0.00000 0.00000
0.00000 0.98000 0.01300 0.00700
0.41400 0.15400 0.29700 0.13500
URL None

MOTIF BCL11B
letter-probability matrix: alength= 4 w= 10 nsites= 1000
0.24500 0.25200 0.26300 0.24000
0.33400 0.19700 0.30500 0.16400
0.19400 0.32400 0.17100 0.31100
0.04000 0.05400 0.06400 0.84200
0.01000 0.00200 0.97900 0.00900
0.68500 0.03700 0.05700 0.22100
0.02500 0.97300 0.00000 0.00200
0.00100 0.98300 0.01300 0.00300
0.44000 0.16900 0.27200 0.11900
0.20900 0.27400 0.26600 0.25100
URL None

MOTIF BCL6
letter-probability matrix: alength= 4 w= 16 nsites= 1000
0.37900 0.18000 0.18900 0.25200
0.08700 0.15300 0.05400 0.70600
0.09700 0.00900 0.84600 0.04800
0.01399 0.97303 0.00400 0.00899
0.01399 0.01299 0.00200 0.97103
0.06400 0.09300 0.06400 0.77900
0.00300 0.00100 0.00000 0.99600
0.00000 0.95000 0.00000 0.05000
0.02700 0.18700 0.09600 0.69000
0.99400 0.00100 0.00100 0.00400
0.08500 0.00000 0.89800 0.01700
0.00500 0.01499 0.93107 0.04895
0.87900 0.01700 0.04800 0.05600
0.90300 0.00600 0.01000 0.08100
0.22100 0.23500 0.03300 0.51100
0.21900 0.17900 0.22000 0.38200
URL None

MOTIF BCL6B
letter-probability matrix: alength= 4 w= 16 nsites= 1000
0.23300 0.25900 0.20500 0.30300
0.15600 0.18200 0.10800 0.55400
0.16500 0.00600 0.77900 0.05000
0.00800 0.97600 0.00100 0.01500
0.06300 0.00400 0.00000 0.93300
0.02500 0.06900 0.01500 0.89100
0.00000 0.00000 0.00000 1.00000
0.00000 0.98700 0.00000 0.01300
0.00400 0.11200 0.04200 0.84200
0.99900 0.00000 0.00000 0.00100
0.04605 0.00000 0.94494 0.00901
0.00000 0.00500 0.96600 0.02900
0.97303 0.00200 0.01099 0.01399
0.98800 0.00100 0.00100 0.01000
0.20100 0.17400 0.01900 0.60600
0.23800 0.18700 0.23900 0.33600
URL None

MOTIF BHLHA15
letter-probability matrix: alength= 4 w= 10 nsites= 1000
0.44855 0.11489 0.27572 0.16084
0.27500 0.53300 0.18400 0.00800
0.01600 0.98400 0.00000 0.00000
0.96104 0.00000 0.02697 0.01199
0.00000 0.00900 0.06900 0.92200
0.91300 0.07800 0.00900 0.00000
0.00700 0.03100 0.00000 0.96200
0.00000 0.00000 0.97900 0.02100
0.01000 0.18500 0.53300 0.27200
0.16300 0.27500 0.11500 0.44700
URL None

MOTIF BHLHE22
letter-probability matrix: alength= 4 w= 10 nsites= 1000
0.85614 0.04595 0.05694 0.04096
0.36900 0.42900 0.20200 0.00000
0.00500 0.99500 0.00000 0.00000
0.93407 0.00100 0.06094 0.00400
0.00000 0.00000 0.00200 0.99800
0.98600 0.00000 0.01100 0.00300
0.00000 0.03900 0.00300 0.95800
0.00000 0.00200 0.99700 0.00100
0.00400 0.18300 0.45700 0.35600
0.02300 0.36200 0.01700 0.59800
URL None

MOTIF BHLHE23
letter-probability matrix: alength= 4 w= 10 nsites= 1000
0.70000 0.03500 0.25800 0.00700
0.26900 0.48600 0.24500 0.00000
0.00000 0.95300 0.04700 0.00000
0.88900 0.00000 0.11100 0.00000
0.00400 0.13400 0.04500 0.81700
0.97600 0.00000 0.02400 0.00000
0.00500 0.06900 0.00000 0.92600
0.00000 0.03800 0.96200 0.00000
0.02498 0.25874 0.49251 0.22378
0.01500 0.28000 0.10700 0.59800
URL None

MOTIF BHLHE40
letter-probability matrix: alength= 4 w= 10 nsites= 1000
0.34066 0.26973 0.26074 0.12887
0.10600 0.03700 0.38200 0.47500
0.00500 0.99400 0.00000 0.00100
0.97500 0.01100 0.00700 0.00700
0.00200 0.99500 0.00000 0.00300
0.00599 0.00300 0.99101 0.00000
0.01401 0.02102 0.00701 0.95796
0.00000 0.00100 0.99299 0.00601
0.50000 0.44700 0.01100 0.04200
0.13800 0.50800 0.12300 0.23100
URL None

MOTIF BHLHE41
letter-probability matrix: alength= 4 w= 10 nsites= 1000
0.30230 0.10911 0.58258 0.00601
0.01301 0.00200 0.24324 0.74174
0.00000 0.99900 0.00100 0.00000
0.99301 0.00200 0.00400 0.00100
0.00000 0.99900 0.00000 0.00100
0.00000 0.00000 1.00000 0.00000
0.00300 0.00300 0.00300 0.99100
0.00000 0.00000 1.00000 0.00000
0.81600 0.18000 0.00100 0.00300
0.00900 0.64800 0.11500 0.22800
URL None

MOTIF BORCS8MEF2B
letter-probability matrix: alength= 4 w= 12 nsites= 1000
0.37200 0.01900 0.47400 0.13500
0.00599 0.99001 0.00000 0.00400
0.00000 0.00800 0.00000 0.99200
0.99500 0.00000 0.00000 0.00500
0.47400 0.00100 0.00000 0.52500
0.81400 0.00000 0.00300 0.18300
0.95500 0.00100 0.00100 0.04300
0.98600 0.00000 0.00000 0.01400
0.00000 0.00000 0.00000 1.00000
0.99700 0.00100 0.00100 0.00100
0.03000 0.00600 0.96300 0.00100
0.27000 0.56900 0.02600 0.13500
URL None

MOTIF BPTF
letter-probability matrix: alength= 4 w= 14 nsites= 1000
0.41700 0.16700 0.33300 0.08300
0.33300 0.33300 0.16700 0.16700
0.29200 0.37500 0.20800 0.12500
0.25000 0.62500 0.08300 0.04200
0.79200 0.04200 0.08300 0.08300
0.33300 0.50000 0.00000 0.16700
0.91608 0.04196 0.04196 0.00000
0.91608 0.04196 0.00000 0.04196
0.16683 0.66633 0.12488 0.04196
0.74925 0.16683 0.04196 0.04196
0.24975 0.54146 0.04196 0.16683
0.41700 0.12500 0.37500 0.08300
0.25000 0.25000 0.16700 0.33300
0.54200 0.08300 0.16700 0.20800
URL None

MOTIF BSX
letter-probability matrix: alength= 4 w= 8 nsites= 1000
0.11400 0.34500 0.35400 0.18700
0.00000 0.00700 0.00000 0.99300
0.91100 0.08000 0.00900 0.00000
1.00000 0.00000 0.00000 0.00000
0.00000 0.00000 0.04100 0.95900
0.00000 0.28228 0.23123 0.48649
0.35265 0.02398 0.61439 0.00899
0.16016 0.39940 0.32032 0.12012
URL None

MOTIF CCDC169SOHLH2
letter-probability matrix: alength= 4 w= 9 nsites= 1000
0.08900 0.15600 0.56800 0.18700
0.00000 1.00000 0.00000 0.00000
0.95300 0.04200 0.00000 0.00500
0.00000 0.95500 0.00200 0.04300
0.01900 0.02400 0.93100 0.02600
0.21722 0.11211 0.21522 0.45546
0.15916 0.06106 0.64665 0.13313
0.19600 0.43300 0.22600 0.14500
0.22700 0.25300 0.23400 0.28600
URL None

MOTIF CDC5L
letter-probability matrix: alength= 4 w= 12 nsites= 1000
0.00000 0.10000 0.90000 0.00000
0.60000 0.10000 0.10000 0.20000
0.10000 0.00000 0.30000 0.60000
0.10000 0.00000 0.10000 0.80000
0.10000 0.00000 0.00000 0.90000
1.00000 0.00000 0.00000 0.00000
0.80000 0.10000 0.00000 0.10000
0.10000 0.70000 0.00000 0.20000
0.60000 0.00000 0.30000 0.10000
0.10000 0.10000 0.00000 0.80000
0.80000 0.10000 0.10000 0.00000
0.60000 0.00000 0.20000 0.20000
URL None

MOTIF CDX1
letter-probability matrix: alength= 4 w= 11 nsites= 1000
0.20180 0.14186 0.56244 0.09391
0.10800 0.05400 0.23100 0.60700
0.00000 0.00100 0.00000 0.99900
0.00000 0.00000 0.00000 1.00000
0.00000 0.00100 0.00000 0.99900
1.00000 0.00000 0.00000 0.00000
0.00000 0.00000 0.00000 1.00000
0.00000 0.00100 0.61962 0.37938
0.29800 0.00000 0.70200 0.00000
0.00000 0.91191 0.00000 0.08809
0.23700 0.46200 0.13000 0.17100
URL None

MOTIF CDX2
letter-probability matrix: alength= 4 w= 11 nsites= 1000
0.07600 0.19600 0.09400 0.63400
0.00000 0.00000 0.00000 1.00000
0.00000 0.00000 0.00000 1.00000
0.00000 0.00000 0.00000 1.00000
1.00000 0.00000 0.00000 0.00000
0.00000 0.00000 0.00000 1.00000
0.04300 0.00000 0.52100 0.43600
0.34400 0.00000 0.65600 0.00000
0.00000 0.72200 0.08500 0.19300
0.26426 0.31431 0.00501 0.41642
0.11588 0.30070 0.19980 0.38362
URL None

MOTIF CDX4
letter-probability matrix: alength= 4 w= 11 nsites= 1000
0.17117 0.17618 0.55355 0.09910
0.12100 0.10600 0.23200 0.54100
0.00900 0.00000 0.02000 0.97100
0.03700 0.00000 0.00000 0.96300
0.00000 0.00000 0.01500 0.98500
1.00000 0.00000 0.00000 0.00000
0.00000 0.00000 0.00000 1.00000
0.04204 0.00100 0.44144 0.51552
0.19900 0.00000 0.80100 0.00000
0.01199 0.76523 0.19880 0.02398
0.25400 0.41300 0.19800 0.13500
URL None

MOTIF CEBPA
letter-probability matrix: alength= 4 w= 12 nsites= 1000
0.23000 0.13200 0.36600 0.27200
0.34600 0.18200 0.46600 0.00600
0.00800 0.00400 0.00600 0.98200
0.00200 0.00200 0.28000 0.71600
0.15800 0.00800 0.62000 0.21400
0.17600 0.11800 0.11600 0.59000
0.00000 0.00000 0.99600 0.00400
0.15600 0.77200 0.00000 0.07200
0.98400 0.01000 0.00200 0.00400
0.99000 0.00000 0.00800 0.00200
0.01400 0.29800 0.17600 0.51200
0.32000 0.33200 0.22200 0.12600
URL None

MOTIF CEBPB
letter-probability matrix: alength= 4 w= 14 nsites= 1000
0.22100 0.08600 0.39800 0.29500
0.44056 0.15185 0.38462 0.02298
0.00000 0.00000 0.00000 1.00000
0.00000 0.00000 0.34400 0.65600
0.39800 0.00000 0.47100 0.13100
0.07600 0.40800 0.03900 0.47700
0.00000 0.00000 1.00000 0.00000
0.05105 0.93493 0.00000 0.01401
1.00000 0.00000 0.00000 0.00000
1.00000 0.00000 0.00000 0.00000
0.01000 0.36300 0.15000 0.47700
0.36700 0.34400 0.18000 0.10900
0.20900 0.30700 0.27300 0.21100
0.16200 0.33000 0.19700 0.31100
URL None

MOTIF CEBPD
letter-probability matrix: alength= 4 w= 12 nsites= 1000
0.18082 0.29271 0.28771 0.23876
0.39840 0.14515 0.38939 0.06707
0.00000 0.00000 0.00100 0.99900
0.00000 0.00000 0.23800 0.76200
0.41700 0.00000 0.49700 0.08600
0.01400 0.80100 0.00000 0.18500
0.15400 0.00000 0.83600 0.01000
0.09900 0.84900 0.00100 0.05100
0.97200 0.02800 0.00000 0.00000
0.98801 0.00500 0.00000 0.00699
0.04700 0.43400 0.11800 0.40100
0.26300 0.28700 0.27100 0.17900
URL None

MOTIF CEBPE
letter-probability matrix: alength= 4 w= 10 nsites= 1000
0.44900 0.22700 0.27200 0.05200
0.00700 0.01200 0.00400 0.97700
0.00500 0.00200 0.11988 0.87313
0.40800 0.00200 0.48300 0.10700
0.02500 0.83800 0.01600 0.12100
0.15115 0.03403 0.78679 0.02803
0.12300 0.78400 0.00300 0.09000
0.95100 0.04800 0.00000 0.00100
0.99900 0.00000 0.00000 0.00100
0.01300 0.43700 0.04900 0.50100
URL None

MOTIF CEBPG
letter-probability matrix: alength= 4 w= 12 nsites= 1000
0.17417 0.28729 0.33133 0.20721
0.39200 0.19500 0.39700 0.01600
0.00300 0.00300 0.00300 0.99100
0.00200 0.00200 0.21100 0.78500
0.51500 0.00100 0.43900 0.04500
0.03200 0.78100 0.07300 0.11400
0.10200 0.07700 0.79700 0.02400
0.05100 0.89700 0.00200 0.05000
0.96500 0.03300 0.00100 0.00100
0.99400 0.00200 0.00200 0.00200
0.01000 0.41100 0.15800 0.42100
0.22278 0.34565 0.25774 0.17383
URL None

MOTIF CENPB
letter-probability matrix: alength= 4 w= 15 nsites= 1000
0.09800 0.79700 0.00000 0.10500
0.01700 0.95700 0.00100 0.02500
0.00000 0.99700 0.00000 0.00300
0.02803 0.03003 0.90791 0.03403
0.00100 0.58300 0.14900 0.26700
0.39560 0.11289 0.20579 0.28571
0.04700 0.06900 0.00000 0.88400
0.30600 0.29400 0.20700 0.19300
0.23177 0.31668 0.26474 0.18681
0.38900 0.14700 0.13600 0.32800
0.53646 0.10090 0.27572 0.08691
0.04795 0.93307 0.00200 0.01698
0.13300 0.01300 0.85400 0.00000
0.68631 0.07193 0.00799 0.23377
0.91009 0.04695 0.00999 0.03297
URL None

MOTIF CENPBD1
letter-probability matrix: alength= 4 w= 9 nsites= 1000
0.32100 0.20000 0.20900 0.27000
0.17000 0.24800 0.10700 0.47500
0.16200 0.02500 0.04200 0.77100
0.61900 0.10500 0.11900 0.15700
0.05400 0.83300 0.03700 0.07600
0.20679 0.03197 0.69930 0.06194
0.12500 0.25500 0.19600 0.42400
0.53247 0.07093 0.11888 0.27772
0.37862 0.19580 0.26174 0.16384
URL None

MOTIF CIC
letter-probability matrix: alength= 4 w= 10 nsites= 1000
0.27928 0.18118 0.18118 0.35836
0.29000 0.18900 0.21200 0.30900
0.00000 0.00000 0.00000 1.00000
0.00000 0.00000 1.00000 0.00000
0.00000 1.00000 0.00000 0.00000
0.00000 0.00000 0.00000 1.00000
0.00000 0.00000 1.00000 0.00000
1.00000 0.00000 0.00000 0.00000
0.06900 0.61300 0.16200 0.15600
0.24100 0.14700 0.14700 0.46500
URL None

MOTIF CLOCK
letter-probability matrix: alength= 4 w= 10 nsites= 1000
0.52647 0.08192 0.21678 0.17483
0.69670 0.13814 0.14414 0.02102
0.02498 0.96503 0.00500 0.00500
0.95596 0.01101 0.03303 0.00000
0.03400 0.90700 0.00000 0.05900
0.08500 0.00000 0.91500 0.00000
0.00700 0.01100 0.01100 0.97100
0.00000 0.00700 0.97300 0.02000
0.00100 0.22000 0.15900 0.62000
0.20679 0.29770 0.09091 0.40460
URL None

MOTIF CPEB1
letter-probability matrix: alength= 4 w= 8 nsites= 1000
0.52600 0.05100 0.25000 0.17300
0.82783 0.01301 0.13714 0.02202
0.00600 0.00000 0.00400 0.99000
0.98102 0.00000 0.01299 0.00599
0.94900 0.00000 0.00600 0.04500
0.93800 0.00100 0.03300 0.02800
0.99400 0.00000 0.00600 0.00000
0.51600 0.09000 0.25000 0.14400
URL None

MOTIF CREB1
letter-probability matrix: alength= 4 w= 8 nsites= 1000
0.00000 0.00000 0.00000 1.00000
0.00000 0.00000 0.96600 0.03400
1.00000 0.00000 0.00000 0.00000
0.00000 1.00000 0.00000 0.00000
0.00000 0.03400 0.96600 0.00000
0.00000 0.03403 0.03403 0.93193
0.41400 0.55200 0.03400 0.00000
0.58659 0.03403 0.13814 0.24124
URL None

MOTIF CREB3
letter-probability matrix: alength= 4 w= 12 nsites= 1000
0.18900 0.22400 0.38600 0.20100
0.34500 0.12400 0.48100 0.05000
0.02100 0.06000 0.02000 0.89900
0.02300 0.04200 0.79700 0.13800
0.97600 0.00200 0.01700 0.00500
0.00100 0.94700 0.00200 0.05000
0.05400 0.00000 0.94600 0.00000
0.01700 0.02400 0.00000 0.95900
0.13500 0.79600 0.04300 0.02600
0.89890 0.03103 0.05405 0.01602
0.05100 0.48700 0.12100 0.34100
0.21100 0.36500 0.23600 0.18800
URL None

MOTIF CREB3L1
letter-probability matrix: alength= 4 w= 14 nsites= 1000
0.12312 0.16216 0.06306 0.65165
0.08900 0.07200 0.75400 0.08500
0.44745 0.18619 0.27728 0.08909
0.04805 0.08809 0.04004 0.82382
0.01199 0.04795 0.79620 0.14386
0.98599 0.00400 0.00000 0.01001
0.00000 0.96597 0.00400 0.03003
0.00000 0.00400 0.99600 0.00000
0.00000 0.00400 0.00000 0.99600
0.00701 0.00000 0.98899 0.00400
0.00300 0.00000 0.91400 0.08300
0.02503 0.94294 0.00400 0.02803
0.74875 0.03203 0.17718 0.04204
0.14900 0.27000 0.21300 0.36800
URL None

MOTIF CREB3L2
letter-probability matrix: alength= 4 w= 9 nsites= 1000
0.49800 0.25000 0.00200 0.25000
0.00100 0.85485 0.14314 0.00100
0.99700 0.00100 0.00100 0.00100
0.00100 0.99700 0.00100 0.00100
0.00100 0.00100 0.99700 0.00100
0.00100 0.00100 0.00100 0.99700
0.00100 0.12600 0.87200 0.00100
0.12600 0.00100 0.62300 0.25000
0.25025 0.74575 0.00200 0.00200
URL None

MOTIF CREB3L4
letter-probability matrix: alength= 4 w= 12 nsites= 1000
0.14500 0.14100 0.55500 0.15900
0.41459 0.16583 0.39061 0.02897
0.01000 0.04100 0.00200 0.94700
0.02500 0.05200 0.86600 0.05700
0.83600 0.00600 0.05900 0.09900
0.00300 0.99600 0.00000 0.00100
0.37762 0.00100 0.62138 0.00000
0.03500 0.02800 0.01200 0.92500
0.04300 0.85400 0.07300 0.03000
0.92200 0.01500 0.06300 0.00000
0.02400 0.47100 0.12000 0.38500
0.15015 0.59660 0.13113 0.12212
URL None

MOTIF CREB5
letter-probability matrix: alength= 4 w= 12 nsites= 1000
0.23900 0.24900 0.30000 0.21200
0.52953 0.07307 0.34835 0.04905
0.00000 0.00200 0.00000 0.99800
0.00900 0.01200 0.69900 0.28000
0.99600 0.00000 0.00400 0.00000
0.00000 1.00000 0.00000 0.00000
0.13700 0.00000 0.86300 0.00000
0.00000 0.00100 0.00000 0.99900
0.26700 0.71100 0.01200 0.01000
0.99900 0.00000 0.00100 0.00000
0.04800 0.35200 0.07800 0.52200
0.21200 0.31500 0.23400 0.23900
URL None

MOTIF CREBL2
letter-probability matrix: alength= 4 w= 10 nsites= 1000
0.38500 0.00700 0.56100 0.04700
0.00200 0.12300 0.00100 0.87400
0.06507 0.03403 0.47147 0.42943
0.89411 0.01698 0.03297 0.05594
0.00400 0.98700 0.00500 0.00400
0.02398 0.00200 0.97203 0.00200
0.03500 0.00600 0.02100 0.93800
0.33766 0.58042 0.03097 0.05095
0.86300 0.01300 0.11000 0.01400
0.05295 0.08691 0.01598 0.84416
URL None

MOTIF CREBZF
letter-probability matrix: alength= 4 w= 8 nsites= 1000
0.49900 0.12600 0.00100 0.37400
0.49900 0.00100 0.00100 0.49900
0.99700 0.00100 0.00100 0.00100
0.00100 0.99700 0.00100 0.00100
0.00100 0.00100 0.99700 0.00100
0.00100 0.00100 0.00100 0.99700
0.49900 0.00100 0.00100 0.49900
0.20000 0.00200 0.39900 0.39900
URL None

MOTIF CREM
letter-probability matrix: alength= 4 w= 12 nsites= 1000
0.15600 0.39900 0.33500 0.11000
0.31600 0.15700 0.40800 0.11900
0.01000 0.16500 0.01400 0.81100
0.09510 0.14014 0.54755 0.21722
0.82082 0.03704 0.08208 0.06006
0.02000 0.96500 0.01500 0.00000
0.09000 0.01100 0.88800 0.01100
0.01300 0.08000 0.05000 0.85700
0.23377 0.54845 0.15584 0.06194
0.72072 0.02503 0.19820 0.05606
0.12088 0.34865 0.19880 0.33167
0.20280 0.27672 0.32667 0.19381
URL None

MOTIF CRX
letter-probability matrix: alength= 4 w= 8 nsites= 1000
0.19800 0.47400 0.12400 0.20400
0.00000 0.00000 0.00000 1.00000
1.00000 0.00000 0.00000 0.00000
1.00000 0.00000 0.00000 0.00000
0.00000 0.00000 0.03200 0.96800
0.00400 0.96900 0.01300 0.01400
0.02300 0.87000 0.00800 0.09900
0.16700 0.40800 0.21400 0.21100
URL None

MOTIF CTCF
letter-probability matrix: alength= 4 w= 15 nsites= 1000
0.06000 0.32500 0.53500 0.08000
0.01000 0.61100 0.00800 0.37100
0.11800 0.02000 0.76200 0.10000
0.04200 0.83600 0.03000 0.09200
0.00000 0.98600 0.00000 0.01400
0.37700 0.55300 0.02400 0.04600
0.00600 0.60100 0.00200 0.39100
0.00800 0.99200 0.00000 0.00000
0.02400 0.05200 0.02200 0.90200
0.29100 0.06600 0.50300 0.14000
0.01400 0.33700 0.61300 0.03600
0.11411 0.14615 0.01401 0.72573
0.00200 0.00000 0.98000 0.01800
0.03800 0.05400 0.82400 0.08400
0.16216 0.56356 0.05606 0.21822
URL None

MOTIF CTCFL
letter-probability matrix: alength= 4 w= 17 nsites= 1000
0.09309 0.38038 0.26226 0.26426
0.38400 0.07800 0.40900 0.12900
0.05794 0.20679 0.70629 0.02897
0.01600 0.76900 0.00400 0.21100
0.01600 0.00400 0.89800 0.08200
0.04000 0.93600 0.01300 0.01100
0.00700 0.98200 0.00200 0.00900
0.09600 0.73300 0.09100 0.08000
0.01300 0.75600 0.00000 0.23100
0.00200 0.97800 0.01100 0.00900
0.05105 0.03103 0.04404 0.87387
0.25600 0.09100 0.51100 0.14200
0.01100 0.41800 0.44700 0.12400
0.21800 0.37300 0.06900 0.34000
0.01300 0.02700 0.94200 0.01800
0.04905 0.07307 0.83383 0.04404
0.20900 0.44200 0.18200 0.16700
URL None

MOTIF CUX1
letter-probability matrix: alength= 4 w= 10 nsites= 1000
0.14600 0.28500 0.18600 0.38300
0.36737 0.06707 0.39740 0.16817
0.96396 0.00000 0.02402 0.01201
0.00300 0.05900 0.00100 0.93700
0.00700 0.92000 0.00000 0.07300
0.36900 0.00800 0.62200 0.00100
0.89000 0.01700 0.07200 0.02100
0.00500 0.03397 0.00300 0.95804
0.43600 0.18400 0.21000 0.17000
0.29000 0.29700 0.20800 0.20500
URL None

MOTIF CUX2
letter-probability matrix: alength= 4 w= 9 nsites= 1000
0.14700 0.26200 0.13600 0.45500
0.13413 0.06106 0.46046 0.34434
0.94700 0.00100 0.00000 0.05200
0.02600 0.03700 0.00000 0.93700
0.09610 0.46747 0.03403 0.40240
0.32600 0.03100 0.56600 0.07700
0.29670 0.14885 0.45554 0.09890
0.22222 0.25325 0.14715 0.37738
0.31800 0.17100 0.17400 0.33700
URL None

MOTIF CXXC1
letter-probability matrix: alength= 4 w= 7 nsites= 1000
0.24076 0.24775 0.24276 0.26873
0.23123 0.26326 0.20521 0.30030
0.33900 0.22800 0.21400 0.21900
0.12300 0.31500 0.37800 0.18400
0.00100 0.98202 0.00000 0.01698
0.02300 0.00000 0.97700 0.00000
0.16500 0.13300 0.45300 0.24900
URL None

MOTIF CXXC4
letter-probability matrix: alength= 4 w= 8 nsites= 1000
0.31000 0.19600 0.22500 0.26900
0.21822 0.22723 0.21822 0.33634
0.27500 0.17400 0.20400 0.34700
0.47447 0.03604 0.30230 0.18719
0.12400 0.69700 0.00000 0.17900
0.11300 0.10800 0.62100 0.15800
0.16300 0.22600 0.22200 0.38900
0.26673 0.21179 0.27772 0.24376
URL None

MOTIF CXXC5
letter-probability matrix: alength= 4 w= 8 nsites= 1000
0.31000 0.19600 0.22500 0.26900
0.21822 0.22723 0.21822 0.33634
0.27500 0.17400 0.20400 0.34700
0.47447 0.03604 0.30230 0.18719
0.12400 0.69700 0.00000 0.17900
0.11300 0.10800 0.62100 0.15800
0.16300 0.22600 0.22200 0.38900
0.26673 0.21179 0.27772 0.24376
URL None

MOTIF DBP
letter-probability matrix: alength= 4 w= 12 nsites= 1000
0.17200 0.32200 0.25700 0.24900
0.33467 0.20879 0.44356 0.01299
0.00000 0.00000 0.00000 1.00000
0.00000 0.00000 0.09500 0.90500
0.76600 0.00000 0.23400 0.00000
0.00000 0.97900 0.00000 0.02100
0.37600 0.00000 0.62400 0.00000
0.00000 0.14400 0.00000 0.85600
0.89900 0.10100 0.00000 0.00000
1.00000 0.00000 0.00000 0.00000
0.01700 0.47100 0.20200 0.31000
0.25000 0.27400 0.31400 0.16200
URL None

MOTIF DBX1
letter-probability matrix: alength= 4 w= 8 nsites= 1000
0.74575 0.00200 0.00200 0.25025
0.20000 0.00200 0.00200 0.79600
0.00200 0.00200 0.00200 0.99400
0.79600 0.00200 0.00200 0.20000
0.99400 0.00200 0.00200 0.00200
0.00200 0.00200 0.00200 0.99400
0.20000 0.00200 0.00200 0.79600
0.99399 0.00200 0.00200 0.00200
URL None

MOTIF DBX2
letter-probability matrix: alength= 4 w= 7 nsites= 1000
0.20600 0.15900 0.14900 0.48600
0.34200 0.19000 0.16800 0.30000
0.55245 0.08591 0.14785 0.21379
0.14200 0.05900 0.13100 0.66800
0.16100 0.24500 0.20500 0.38900
0.32900 0.13200 0.36400 0.17500
0.27300 0.29200 0.25400 0.18100
URL None

MOTIF DDIT3
letter-probability matrix: alength= 4 w= 10 nsites= 1000
0.43600 0.40000 0.14600 0.01800
0.02200 0.01800 0.01600 0.94400
0.01200 0.02800 0.93000 0.03000
0.90000 0.02800 0.03200 0.04000
0.02200 0.05800 0.04600 0.87400
0.01400 0.00800 0.95200 0.02600
0.33600 0.43200 0.00400 0.22800
0.88400 0.11200 0.00400 0.00000
0.98800 0.00000 0.00800 0.00400
0.07200 0.24200 0.16400 0.52200
URL None

MOTIF DLX1
letter-probability matrix: alength= 4 w= 8 nsites= 1000
0.31668 0.22078 0.26474 0.19780
0.00000 0.00000 0.00000 1.00000
1.00000 0.00000 0.00000 0.00000
1.00000 0.00000 0.00000 0.00000
0.00000 0.00000 0.00000 1.00000
0.00000 0.00000 0.00000 1.00000
0.48200 0.00000 0.51800 0.00000
0.15600 0.39100 0.25400 0.19900
URL None

MOTIF DLX2
letter-probability matrix: alength= 4 w= 8 nsites= 1000
0.27872 0.24376 0.29870 0.17882
0.00000 0.00000 0.00000 1.00000
1.00000 0.00000 0.00000 0.00000
1.00000 0.00000 0.00000 0.00000
0.00000 0.00000 0.00000 1.00000
0.00000 0.00000 0.00000 1.00000
0.48651 0.00000 0.50350 0.00999
0.14186 0.39860 0.26274 0.19680
URL None

MOTIF DLX3
letter-probability matrix: alength= 4 w= 8 nsites= 1000
0.26300 0.26100 0.31800 0.15800
0.00000 0.00000 0.00000 1.00000
0.94600 0.03400 0.02000 0.00000
1.00000 0.00000 0.00000 0.00000
0.00000 0.00000 0.00000 1.00000
0.00500 0.05100 0.08300 0.86100
0.45245 0.00000 0.54755 0.00000
0.13800 0.38000 0.30000 0.18200
URL None

MOTIF DLX4
letter-probability matrix: alength= 4 w= 8 nsites= 1000
0.30769 0.21778 0.28871 0.18581
0.00000 0.00000 0.00000 1.00000
0.99600 0.00400 0.00000 0.00000
1.00000 0.00000 0.00000 0.00000
0.00000 0.00000 0.00000 1.00000
0.00000 0.00300 0.01898 0.97802
0.48000 0.00000 0.52000 0.00000
0.13600 0.41300 0.25000 0.20100
URL None

MOTIF DLX5
letter-probability matrix: alength= 4 w= 8 nsites= 1000
0.28800 0.24000 0.29500 0.17700
0.00000 0.00000 0.00000 1.00000
1.00000 0.00000 0.00000 0.00000
1.00000 0.00000 0.00000 0.00000
0.00000 0.00000 0.00000 1.00000
0.00000 0.00400 0.00500 0.99100
0.40659 0.00000 0.58342 0.00999
0.14286 0.42557 0.26773 0.16384
URL None

MOTIF DLX6
letter-probability matrix: alength= 4 w= 8 nsites= 1000
0.22777 0.26673 0.33766 0.16783
0.03300 0.00000 0.00000 0.96700
0.92200 0.04500 0.03300 0.00000
1.00000 0.00000 0.00000 0.00000
0.00000 0.00000 0.01200 0.98800
0.02603 0.04905 0.09610 0.82883
0.34200 0.00000 0.63800 0.02000
0.15500 0.37500 0.29100 0.17900
URL None

MOTIF DMBX1
letter-probability matrix: alength= 4 w= 10 nsites= 1000
0.23876 0.27473 0.30170 0.18482
0.19600 0.32200 0.09700 0.38500
0.03103 0.04104 0.00000 0.92793
0.79500 0.04100 0.08200 0.08200
0.95996 0.03804 0.00000 0.00200
0.01500 0.06600 0.08600 0.83300
0.06600 0.77900 0.04400 0.11100
0.04505 0.68168 0.11111 0.16216
0.12100 0.28300 0.36300 0.23300
0.23800 0.33500 0.15500 0.27200
URL None

MOTIF DMRT1
