MEME version 4

ALPHABET= ACGT

strands: + -

Background letter frequencies
A 0.25 C 0.25 G 0.25 T 0.25

MOTIF AC1689771
letter-probability matrix: alength= 4 w= 9 nsites= 1000
0.19700 0.32200 0.23100 0.25000
0.19700 0.28200 0.26600 0.25500
0.18700 0.28100 0.26500 0.26700
0.63200 0.17400 0.19400 0.00000
0.00100 0.00600 0.99300 0.00000
0.00000 0.00000 1.00000 0.00000
0.12200 0.00000 0.79400 0.08400
0.38000 0.25200 0.24000 0.12800
0.30200 0.23000 0.24900 0.21900
URL None

MOTIF Ahctf1
letter-probability matrix: alength= 4 w= 8 nsites= 1000
0.75075 0.08308 0.08308 0.08308
0.79920 0.06693 0.06693 0.06693
0.73300 0.06700 0.06700 0.13300
0.26673 0.06693 0.06693 0.59940
0.73300 0.06700 0.06700 0.13300
0.66633 0.06693 0.06693 0.19980
0.69200 0.07700 0.07700 0.15400
0.16700 0.08300 0.08300 0.66700
URL None

MOTIF Ahr
letter-probability matrix: alength= 4 w= 9 nsites= 1000
0.18100 0.10500 0.43400 0.28000
0.00000 1.00000 0.00000 0.00000
0.97300 0.00500 0.02200 0.00000
0.00200 0.97097 0.00501 0.02202
0.01399 0.00999 0.97602 0.00000
0.02700 0.94700 0.00900 0.01700
0.43944 0.13413 0.28529 0.14114
0.62700 0.22500 0.07700 0.07100
0.25200 0.36600 0.11900 0.26300
URL None

MOTIF Aire
letter-probability matrix: alength= 4 w= 18 nsites= 1000
0.22200 0.10800 0.26700 0.40300
0.36364 0.15884 0.02298 0.45455
0.56800 0.18200 0.18200 0.06800
0.43200 0.25000 0.09100 0.22700
0.02300 0.97700 0.00000 0.00000
0.09100 0.88600 0.02300 0.00000
0.56857 0.06807 0.13614 0.22723
0.50050 0.06807 0.04505 0.38639
0.25000 0.13600 0.09100 0.52300
0.45500 0.13600 0.06800 0.34100
0.36400 0.13600 0.13600 0.36400
0.50000 0.02300 0.09100 0.38600
0.61400 0.02300 0.04500 0.31800
0.18200 0.81800 0.00000 0.00000
0.06807 0.88689 0.00000 0.04505
0.52300 0.20500 0.13600 0.13600
0.50000 0.13600 0.18200 0.18200
0.21600 0.12500 0.26100 0.39800
URL None

MOTIF Alx1
letter-probability matrix: alength= 4 w= 8 nsites= 1000
0.24500 0.26000 0.14400 0.35100
0.07700 0.03500 0.00800 0.88000
0.86713 0.03497 0.06094 0.03696
0.98202 0.00100 0.00999 0.00699
0.01602 0.03103 0.02503 0.92793
0.09300 0.08400 0.09600 0.72700
0.38861 0.09590 0.38462 0.13087
0.29000 0.19800 0.36800 0.14400
URL None

MOTIF Alx3
letter-probability matrix: alength= 4 w= 7 nsites= 1000
0.14400 0.12100 0.11900 0.61600
0.64400 0.10800 0.13400 0.11400
0.73400 0.02200 0.09300 0.15100
0.08100 0.10400 0.11700 0.69800
0.17083 0.15784 0.17383 0.49750
0.37500 0.12500 0.30400 0.19600
0.31331 0.17518 0.32933 0.18218
URL None

MOTIF Alx4
letter-probability matrix: alength= 4 w= 8 nsites= 1000
0.24600 0.26600 0.17300 0.31500
0.11900 0.04200 0.02700 0.81200
0.77600 0.07000 0.10000 0.05400
0.95200 0.00100 0.02000 0.02700
0.03900 0.06400 0.06300 0.83400
0.14100 0.10600 0.14200 0.61100
0.35536 0.11111 0.37738 0.15616
0.28871 0.20979 0.33467 0.16683
URL None

MOTIF Ar
letter-probability matrix: alength= 4 w= 16 nsites= 1000
0.36200 0.19200 0.31000 0.13600
0.40800 0.00400 0.53400 0.05400
0.03000 0.00400 0.93400 0.03200
0.43400 0.20600 0.21200 0.14800
0.93200 0.01800 0.02600 0.02400
0.00000 0.98600 0.01000 0.00400
0.84800 0.01200 0.05600 0.08400
0.11800 0.37000 0.38400 0.12800
0.62200 0.00000 0.37800 0.00000
0.27000 0.26400 0.41000 0.05600
0.07400 0.09400 0.01600 0.81600
0.01200 0.02600 0.96200 0.00000
0.05400 0.02600 0.01800 0.90200
0.14200 0.21400 0.19200 0.45200
0.02600 0.94400 0.00400 0.02600
0.06200 0.52000 0.01600 0.40200
URL None

MOTIF Arid2
letter-probability matrix: alength= 4 w= 9 nsites= 1000
0.22100 0.21600 0.20600 0.35700
0.32400 0.10200 0.13700 0.43700
0.48751 0.09690 0.21079 0.20480
0.86900 0.01700 0.02600 0.08800
0.03900 0.04800 0.03900 0.87400
0.07107 0.19319 0.06707 0.66867
0.65700 0.08400 0.13700 0.12200
0.53500 0.17000 0.15300 0.14200
0.30700 0.20400 0.25200 0.23700
URL None

MOTIF Arid3a
letter-probability matrix: alength= 4 w= 9 nsites= 1000
0.26973 0.19980 0.22977 0.30070
0.34600 0.09200 0.23900 0.32300
0.98100 0.00100 0.01700 0.00100
0.01000 0.01300 0.01200 0.96500
0.24600 0.30600 0.03900 0.40900
0.78700 0.06000 0.08200 0.07100
0.73300 0.07100 0.07700 0.11900
0.55700 0.07700 0.14600 0.22000
0.36500 0.21100 0.13700 0.28700
URL None

MOTIF Arid3b
letter-probability matrix: alength= 4 w= 11 nsites= 1000
0.21622 0.21622 0.21622 0.35135
0.17000 0.17000 0.17000 0.49000
0.49750 0.07293 0.16783 0.26174
0.91100 0.00000 0.00000 0.08900
0.08900 0.00000 0.00000 0.91100
0.00000 0.00000 0.00000 1.00000
1.00000 0.00000 0.00000 0.00000
0.89590 0.00000 0.00000 0.10410
0.23800 0.03400 0.11900 0.60900
0.56657 0.08008 0.08008 0.27327
0.17718 0.17718 0.17718 0.46847
URL None

MOTIF Arid3c
letter-probability matrix: alength= 4 w= 9 nsites= 1000
0.24700 0.26700 0.23200 0.25400
0.37800 0.09000 0.24600 0.28600
0.93293 0.02002 0.02402 0.02302
0.10911 0.05706 0.09409 0.73974
0.19820 0.33433 0.11311 0.35435
0.70900 0.05600 0.13900 0.09600
0.60761 0.10010 0.14114 0.15115
0.51952 0.10811 0.18719 0.18519
0.34735 0.20220 0.18519 0.26527
URL None

MOTIF Arid5a
letter-probability matrix: alength= 4 w= 11 nsites= 1000
0.30000 0.19900 0.19900 0.30200
0.28300 0.46600 0.07300 0.17800
0.92807 0.02398 0.02398 0.02398
1.00000 0.00000 0.00000 0.00000
0.00000 0.00000 0.00000 1.00000
1.00000 0.00000 0.00000 0.00000
0.00000 0.00000 0.00000 1.00000
0.00000 0.09710 0.00000 0.90290
0.54200 0.05100 0.15000 0.25700
0.17700 0.27800 0.17700 0.36800
0.22623 0.32132 0.22623 0.22623
URL None

MOTIF Arid5b
letter-probability matrix: alength= 4 w= 8 nsites= 1000
0.21578 0.30569 0.19880 0.27972
0.49750 0.06807 0.23023 0.20420
0.83600 0.06700 0.00200 0.09500
0.05900 0.06200 0.01700 0.86200
0.54100 0.07800 0.12800 0.25300
0.18800 0.31100 0.08600 0.41500
0.20579 0.31968 0.24675 0.22777
0.29700 0.18900 0.30300 0.21100
URL None

MOTIF Arnt
letter-probability matrix: alength= 4 w= 6 nsites= 1000
0.20000 0.80000 0.00000 0.00000
0.95000 0.00000 0.05000 0.00000
0.00000 1.00000 0.00000 0.00000
0.00000 0.00000 1.00000 0.00000
0.00000 0.00000 0.00000 1.00000
0.00000 0.00000 1.00000 0.00000
URL None

MOTIF Arnt2
letter-probability matrix: alength= 4 w= 10 nsites= 1000
0.13300 0.13300 0.40300 0.33100
0.08900 0.66500 0.08900 0.15700
0.92900 0.07100 0.00000 0.00000
0.07100 0.56600 0.00000 0.36300
0.50300 0.00000 0.49700 0.00000
0.00000 0.07000 0.00000 0.93000
0.15015 0.00000 0.70871 0.14114
0.73400 0.26600 0.00000 0.00000
0.39500 0.22500 0.18800 0.19200
0.16100 0.16100 0.23600 0.44200
URL None

MOTIF Arntl
letter-probability matrix: alength= 4 w= 8 nsites= 1000
0.03400 0.96000 0.00200 0.00400
0.97500 0.00200 0.01500 0.00800
0.00100 0.88500 0.01900 0.09500
0.06800 0.00100 0.92900 0.00200
0.01100 0.00400 0.00100 0.98400
0.00500 0.00700 0.96100 0.02700
0.27528 0.24925 0.23524 0.24024
0.18000 0.44900 0.16200 0.20900
URL None

MOTIF Arx
letter-probability matrix: alength= 4 w= 8 nsites= 1000
0.21722 0.31431 0.14815 0.32032
0.07800 0.02700 0.00700 0.88800
0.85400 0.04400 0.06500 0.03700
0.97800 0.00000 0.00900 0.01300
0.00300 0.02700 0.02800 0.94200
0.10500 0.09100 0.09800 0.70600
0.39100 0.09500 0.37200 0.14200
0.29770 0.19381 0.37463 0.13387
URL None

MOTIF Ascl1
letter-probability matrix: alength= 4 w= 14 nsites= 1000
0.08092 0.58142 0.16783 0.16983
0.26000 0.19000 0.08700 0.46300
0.10100 0.28600 0.53900 0.07400
0.00000 1.00000 0.00000 0.00000
1.00000 0.00000 0.00000 0.00000
0.00000 0.43600 0.55300 0.01100
0.00000 0.99100 0.00000 0.00900
0.00000 0.00000 0.00200 0.99800
0.00000 0.00200 0.99800 0.00000
0.02200 0.79400 0.08300 0.10100
0.11189 0.46753 0.00000 0.42058
0.06006 0.35135 0.32232 0.26627
0.10490 0.50549 0.13886 0.25075
0.16100 0.38300 0.14100 0.31500
URL None

MOTIF Ascl2
letter-probability matrix: alength= 4 w= 10 nsites= 1000
0.67367 0.10210 0.17918 0.04505
0.37400 0.12000 0.50300 0.00300
0.01000 0.98700 0.00000 0.00300
0.95200 0.00000 0.00000 0.04800
0.02000 0.06600 0.86200 0.05200
0.01000 0.98000 0.00700 0.00300
0.01300 0.00000 0.00000 0.98700
0.00000 0.00300 0.99000 0.00700
0.01898 0.64136 0.04695 0.29271
0.09400 0.27900 0.07700 0.55000
URL None

MOTIF Atf1
letter-probability matrix: alength= 4 w= 10 nsites= 1000
0.26100 0.19300 0.29100 0.25500
0.29770 0.20380 0.26174 0.23676
0.17500 0.16600 0.24600 0.41300
0.18619 0.17718 0.39039 0.24625
0.44600 0.11200 0.28100 0.16100
0.17200 0.42300 0.18200 0.22300
0.25600 0.10000 0.48100 0.16300
0.26827 0.18519 0.23524 0.31131
0.34000 0.18300 0.27900 0.19800
0.33700 0.15100 0.27000 0.24200
URL None

MOTIF Atf2
letter-probability matrix: alength= 4 w= 11 nsites= 1000
0.50000 0.18400 0.25400 0.06200
0.04200 0.06400 0.01800 0.87600
0.03000 0.03600 0.77600 0.15800
0.77600 0.02600 0.07200 0.12600
0.02200 0.93400 0.04200 0.00200
0.35600 0.24800 0.36200 0.03400
0.07000 0.01400 0.01200 0.90400
0.03000 0.94000 0.01400 0.01600
0.94400 0.01200 0.02400 0.02000
0.02600 0.38400 0.16600 0.42400
0.13200 0.46400 0.08800 0.31600
URL None

MOTIF Atf3
letter-probability matrix: alength= 4 w= 9 nsites= 1000
0.18000 0.24600 0.22900 0.34500
0.18100 0.14700 0.45800 0.21400
0.55644 0.11389 0.23576 0.09391
0.02000 0.00100 0.00000 0.97900
0.08408 0.05606 0.64364 0.21622
0.85485 0.00000 0.03103 0.11411
0.07800 0.67000 0.03300 0.21900
0.23000 0.13300 0.46300 0.17400
0.21722 0.25225 0.20020 0.33033
URL None

MOTIF Atf4
letter-probability matrix: alength= 4 w= 12 nsites= 1000
0.35400 0.07200 0.41400 0.16000
0.20400 0.20200 0.39200 0.20200
0.55600 0.29400 0.15000 0.00000
0.00000 0.00800 0.00000 0.99200
0.00000 0.00800 0.98400 0.00800
0.98200 0.00800 0.00400 0.00600
0.00400 0.05000 0.00200 0.94400
0.00000 0.00000 1.00000 0.00000
0.09400 0.82200 0.00000 0.08400
0.99400 0.00400 0.00200 0.00000
0.99800 0.00000 0.00200 0.00000
0.02800 0.31200 0.10200 0.55800
URL None

MOTIF Atf6
letter-probability matrix: alength= 4 w= 12 nsites= 1000
0.11089 0.10789 0.68432 0.09690
0.52100 0.07500 0.38700 0.01700
0.01700 0.02700 0.02900 0.92700
0.00900 0.01200 0.95100 0.02800
0.98600 0.00200 0.00600 0.00600
0.00100 0.96096 0.03203 0.00601
0.00300 0.00200 0.99500 0.00000
0.00500 0.00300 0.00600 0.98600
0.02200 0.06000 0.90700 0.01100
0.05900 0.00800 0.82900 0.10400
0.04505 0.87287 0.03804 0.04404
0.66600 0.05800 0.21900 0.05700
URL None

MOTIF Atf6b
letter-probability matrix: alength= 4 w= 12 nsites= 1000
0.11400 0.10200 0.67800 0.10600
0.48649 0.07307 0.42643 0.01401
0.02603 0.03504 0.02402 0.91491
0.00600 0.03300 0.93000 0.03100
0.99200 0.00100 0.00400 0.00300
0.00100 0.97397 0.02102 0.00400
0.00200 0.00100 0.99600 0.00100
0.00200 0.00300 0.00300 0.99201
0.00900 0.00900 0.97700 0.00500
0.01200 0.01000 0.86900 0.10900
0.03300 0.92400 0.01700 0.02600
0.69100 0.05500 0.20800 0.04600
URL None

MOTIF Atf7
letter-probability matrix: alength= 4 w= 10 nsites= 1000
0.18300 0.17000 0.12000 0.52700
0.08500 0.10200 0.44100 0.37200
0.65300 0.08700 0.12700 0.13300
0.06100 0.69400 0.07500 0.17000
0.16500 0.00000 0.83500 0.00000
0.00000 0.14100 0.00600 0.85300
0.28500 0.57900 0.06100 0.07500
0.94400 0.00000 0.05600 0.00000
0.01100 0.29000 0.12100 0.57800
0.24725 0.31131 0.18118 0.26026
URL None

MOTIF Atoh1
letter-probability matrix: alength= 4 w= 10 nsites= 1000
0.54900 0.09000 0.31200 0.04900
0.50951 0.32533 0.14515 0.02002
0.03900 0.95400 0.00700 0.00000
0.95000 0.01900 0.03100 0.00000
0.01401 0.00801 0.11411 0.86386
0.93300 0.06700 0.00000 0.00000
0.02098 0.00400 0.00500 0.97003
0.00200 0.00100 0.96800 0.02900
0.03297 0.22777 0.36563 0.37363
0.10000 0.38600 0.09800 0.41600
URL None

MOTIF Atoh7
letter-probability matrix: alength= 4 w= 10 nsites= 1000
0.70300 0.09600 0.14000 0.06100
0.42442 0.29630 0.21622 0.06306
0.00000 1.00000 0.00000 0.00000
0.81618 0.00000 0.11688 0.06693
0.01700 0.11900 0.06600 0.79800
0.73400 0.18600 0.08000 0.00000
0.00000 0.03300 0.03300 0.93400
0.00000 0.00000 1.00000 0.00000
0.00699 0.21778 0.36663 0.40859
0.02300 0.54700 0.00300 0.42700
URL None

MOTIF Bach1
letter-probability matrix: alength= 4 w= 14 nsites= 1000
1.00000 0.00000 0.00000 0.00000
0.11000 0.63000 0.26000 0.00000
0.13700 0.75300 0.00000 0.11000
0.47900 0.00000 0.38400 0.13700
0.00000 0.00000 0.00000 1.00000
0.00000 0.00000 1.00000 0.00000
1.00000 0.00000 0.00000 0.00000
0.00000 0.75300 0.24700 0.00000
0.11000 0.00000 0.00000 0.89000
0.00000 1.00000 0.00000 0.00000
0.89000 0.00000 0.11000 0.00000
0.00000 0.00000 1.00000 0.00000
0.00000 0.89000 0.00000 0.11000
0.61600 0.00000 0.24700 0.13700
URL None

MOTIF Bach2
letter-probability matrix: alength= 4 w= 11 nsites= 1000
0.46200 0.15600 0.36800 0.01400
0.01000 0.00400 0.00000 0.98600
0.00200 0.00400 0.96800 0.02600
0.96600 0.00200 0.01400 0.01800
0.01000 0.82400 0.14000 0.02600
0.11400 0.00800 0.03400 0.84400
0.08400 0.76000 0.09800 0.05800
0.79000 0.03000 0.09400 0.08600
0.03800 0.04200 0.87200 0.04800
0.05600 0.78800 0.10000 0.05600
0.52800 0.14600 0.13800 0.18800
URL None

MOTIF Barhl1
letter-probability matrix: alength= 4 w= 9 nsites= 1000
0.24000 0.31700 0.19100 0.25200
0.13400 0.05100 0.02200 0.79300
0.85100 0.02100 0.05200 0.07600
0.95900 0.01200 0.00500 0.02400
0.32500 0.07800 0.13600 0.46100
0.13900 0.30700 0.13600 0.41800
0.19400 0.06200 0.61200 0.13200
0.20200 0.26900 0.31900 0.21000
0.17400 0.29100 0.18700 0.34800
URL None

MOTIF Barhl2
letter-probability matrix: alength= 4 w= 9 nsites= 1000
0.24600 0.29700 0.18200 0.27500
0.14815 0.05706 0.05305 0.74174
0.82683 0.02903 0.04905 0.09510
0.91200 0.01600 0.02100 0.05100
0.34100 0.07400 0.12900 0.45600
0.14600 0.29600 0.13700 0.42100
0.21800 0.06200 0.59200 0.12800
0.21878 0.26174 0.29171 0.22777
0.17500 0.27500 0.17500 0.37500
URL None

MOTIF Barx1
letter-probability matrix: alength= 4 w= 10 nsites= 1000
0.22700 0.24600 0.32200 0.20500
0.24224 0.28729 0.20020 0.27027
0.16000 0.05200 0.02600 0.76200
0.83400 0.01400 0.08800 0.06400
0.91600 0.01900 0.03100 0.03400
0.09800 0.14100 0.12900 0.63200
0.12100 0.23800 0.31600 0.32500
0.25300 0.09800 0.48900 0.16000
0.19200 0.29500 0.27300 0.24000
0.18700 0.29300 0.18900 0.33100
URL None

MOTIF Barx2
letter-probability matrix: alength= 4 w= 9 nsites= 1000
0.23800 0.27400 0.19700 0.29100
0.14800 0.05400 0.02500 0.77300
0.80900 0.04400 0.07600 0.07100
0.86200 0.03700 0.03100 0.07000
0.11300 0.13700 0.14000 0.61000
0.13986 0.23776 0.27872 0.34366
0.25900 0.11200 0.44500 0.18400
0.20400 0.28900 0.24600 0.26100
0.19920 0.28228 0.18719 0.33133
URL None

MOTIF Batf
letter-probability matrix: alength= 4 w= 18 nsites= 1000
0.25400 0.41200 0.20400 0.13000
0.23200 0.10200 0.04400 0.62200
0.03400 0.29400 0.53400 0.13800
0.87600 0.00800 0.02200 0.09400
0.00400 0.30400 0.59800 0.09400
0.01200 0.01000 0.00400 0.97400
0.07000 0.89400 0.03200 0.00400
0.99000 0.00200 0.00200 0.00600
0.18400 0.04600 0.12200 0.64800
0.38800 0.17400 0.03800 0.40000
0.18200 0.19800 0.13800 0.48200
0.15800 0.37200 0.16600 0.30400
0.24600 0.10000 0.45400 0.20000
0.46800 0.10400 0.29400 0.13400
0.38600 0.11800 0.34800 0.14800
0.68200 0.15600 0.07400 0.08800
0.17000 0.39800 0.26200 0.17000
0.25000 0.29000 0.06400 0.39600
URL None

MOTIF Batf3
letter-probability matrix: alength= 4 w= 17 nsites= 1000
0.18600 0.18600 0.38600 0.24200
0.48200 0.14600 0.12000 0.25200
0.12000 0.31800 0.46200 0.10000
0.08800 0.04200 0.00600 0.86400
0.15400 0.81000 0.02400 0.01200
0.98200 0.01000 0.00000 0.00800
0.26400 0.05600 0.19800 0.48200
0.66400 0.06400 0.04200 0.23000
0.39000 0.21800 0.18200 0.21000
0.20000 0.12000 0.17800 0.50200
0.10600 0.02000 0.85600 0.01800
0.75600 0.04200 0.16000 0.04200
0.88200 0.00800 0.06400 0.04600
0.94000 0.01400 0.01600 0.03000
0.07800 0.50200 0.39000 0.03000
0.21600 0.24400 0.05600 0.48400
0.26800 0.20600 0.35400 0.17200
URL None

MOTIF Bbx
letter-probability matrix: alength= 4 w= 8 nsites= 1000
0.00999 0.00999 0.00999 0.97003
0.00999 0.00999 0.00999 0.97003
0.00999 0.97003 0.00999 0.00999
0.97003 0.00999 0.00999 0.00999
0.00999 0.00999 0.00999 0.97003
0.00999 0.00999 0.00999 0.97003
0.00999 0.00999 0.97003 0.00999
0.97003 0.00999 0.00999 0.00999
URL None

MOTIF Bcl11a
letter-probability matrix: alength= 4 w= 15 nsites= 1000
0.09600 0.28400 0.35100 0.26900
0.12000 0.07700 0.09100 0.71200
0.06707 0.26927 0.09109 0.57257
0.00000 0.17800 0.00500 0.81700
0.00000 0.97100 0.00000 0.02900
0.90400 0.02400 0.02400 0.04800
0.00000 0.48600 0.36500 0.14900
0.02400 0.00000 0.00000 0.97600
0.01400 0.00000 0.00000 0.98600
0.01401 0.91391 0.00000 0.07207
0.06206 0.79880 0.00000 0.13914
0.05300 0.30300 0.06700 0.57700
0.05300 0.60100 0.13900 0.20700
0.26873 0.23576 0.03397 0.46154
0.16800 0.18300 0.08700 0.56200
URL None

MOTIF Bcl11b
letter-probability matrix: alength= 4 w= 19 nsites= 1000
0.00000 0.00100 0.99900 0.00000
0.00200 0.01602 0.00100 0.98098
0.00000 0.00200 0.97297 0.02503
0.99300 0.00500 0.00200 0.00000
0.99700 0.00200 0.00100 0.00000
0.00100 0.99900 0.00000 0.00000
0.19700 0.00100 0.79800 0.00400
0.06800 0.53400 0.16400 0.23400
0.27100 0.18300 0.15700 0.38900
0.35800 0.05000 0.40400 0.18800
0.30170 0.24076 0.19580 0.26174
0.29630 0.24625 0.17818 0.27928
0.23800 0.20100 0.43800 0.12300
0.00500 0.81800 0.00000 0.17700
0.00000 0.01099 0.00000 0.98901
0.99700 0.00200 0.00100 0.00000
0.00000 0.98899 0.00300 0.00801
0.99800 0.00200 0.00000 0.00000
0.00700 0.98100 0.00700 0.00500
URL None

MOTIF Bcl6
letter-probability matrix: alength= 4 w= 14 nsites= 1000
0.24376 0.17383 0.19680 0.38561
0.16400 0.12100 0.51700 0.19800
0.13900 0.65900 0.09600 0.10600
0.12700 0.22300 0.00700 0.64300
0.03996 0.18282 0.10589 0.67133
0.00400 0.01200 0.00000 0.98400
0.00000 0.85100 0.00000 0.14900
0.02098 0.42258 0.08991 0.46653
1.00000 0.00000 0.00000 0.00000
0.14300 0.00000 0.85700 0.00000
0.02703 0.02503 0.91692 0.03103
0.88000 0.03100 0.08400 0.00500
0.91100 0.02900 0.02300 0.03700
0.36500 0.25600 0.17900 0.20000
URL None

MOTIF Bcl6b
letter-probability matrix: alength= 4 w= 12 nsites= 1000
0.20400 0.20400 0.29700 0.29500
0.07592 0.25874 0.07592 0.58941
0.07592 0.47552 0.07592 0.37263
0.02500 0.22700 0.11700 0.63100
0.00000 0.20500 0.00000 0.79500
0.00000 0.29700 0.00000 0.70300
0.00000 0.81400 0.00000 0.18600
0.00000 0.27400 0.11200 0.61400
0.58541 0.13686 0.04595 0.23177
0.17483 0.17483 0.47552 0.17483
0.38600 0.17500 0.26400 0.17500
0.32432 0.22523 0.22523 0.22523
URL None

MOTIF Bhlha15
letter-probability matrix: alength= 4 w= 8 nsites= 1000
0.61400 0.15400 0.23100 0.00100
0.00000 1.00000 0.00000 0.00000
1.00000 0.00000 0.00000 0.00000
0.00000 0.00000 0.20020 0.79980
0.79980 0.20020 0.00000 0.00000
0.00000 0.00000 0.00000 1.00000
0.00000 0.00000 1.00000 0.00000
0.00100 0.28571 0.57043 0.14286
URL None

MOTIF Bhlhe22
letter-probability matrix: alength= 4 w= 10 nsites= 1000
0.41341 0.17518 0.23624 0.17518
0.41359 0.22078 0.29870 0.06693
0.00000 1.00000 0.00000 0.00000
1.00000 0.00000 0.00000 0.00000
0.00000 0.00000 0.00000 1.00000
1.00000 0.00000 0.00000 0.00000
0.00000 0.00000 0.00000 1.00000
0.00000 0.00000 1.00000 0.00000
0.07493 0.13487 0.65135 0.13886
0.18300 0.27300 0.18300 0.36100
URL None

MOTIF Bhlhe23
letter-probability matrix: alength= 4 w= 10 nsites= 1000
0.70400 0.03500 0.23300 0.02800
0.36264 0.43956 0.18981 0.00799
0.01100 0.98900 0.00000 0.00000
0.93200 0.01100 0.04300 0.01400
0.00000 0.00400 0.00000 0.99600
0.98402 0.00799 0.00400 0.00400
0.01900 0.08300 0.00000 0.89800
0.00000 0.00400 0.98801 0.00799
0.00800 0.37000 0.23600 0.38600
0.04300 0.30600 0.02500 0.62600
URL None

MOTIF Bhlhe40
letter-probability matrix: alength= 4 w= 9 nsites= 1000
0.29900 0.09300 0.28400 0.32400
0.15700 0.78700 0.03000 0.02600
0.67100 0.09600 0.14700 0.08600
0.00600 0.89100 0.02400 0.07900
0.04600 0.02300 0.92500 0.00600
0.06400 0.05600 0.02800 0.85200
0.00000 0.00000 1.00000 0.00000
0.46146 0.40440 0.05606 0.07808
0.15800 0.40400 0.24300 0.19500
URL None

MOTIF Bhlhe41
letter-probability matrix: alength= 4 w= 9 nsites= 1000
0.33100 0.18000 0.23600 0.25300
0.19500 0.59000 0.13000 0.08500
0.36164 0.13187 0.34366 0.16284
0.02400 0.80800 0.05400 0.11400
0.05500 0.03300 0.90900 0.00300
0.01900 0.01100 0.02000 0.95000
0.00200 0.00100 0.98200 0.01500
0.43600 0.46300 0.03200 0.06900
0.14200 0.40700 0.21400 0.23700
URL None

MOTIF Borcs8
letter-probability matrix: alength= 4 w= 14 nsites= 1000
0.31800 0.08600 0.28600 0.31000
0.16000 0.06400 0.47400 0.30200
0.09200 0.78800 0.03400 0.08600
0.01200 0.22400 0.00000 0.76400
0.86400 0.05000 0.01000 0.07600
0.60000 0.01400 0.09000 0.29600
0.87200 0.00600 0.03200 0.09000
0.89000 0.00800 0.02200 0.08000
0.93400 0.00400 0.00400 0.05800
0.03400 0.00400 0.00000 0.96200
0.96800 0.00600 0.02400 0.00200
0.16000 0.06000 0.75400 0.02600
0.36600 0.48800 0.07400 0.07200
0.34400 0.30200 0.06000 0.29400
URL None

MOTIF Bsx
letter-probability matrix: alength= 4 w= 9 nsites= 1000
0.26673 0.22977 0.20579 0.29770
0.11600 0.08300 0.03200 0.76900
0.88689 0.00000 0.09710 0.01602
0.95696 0.01602 0.00000 0.02703
0.05800 0.19600 0.08200 0.66400
0.10490 0.23077 0.33367 0.33067
0.32733 0.07708 0.44144 0.15415
0.19000 0.27200 0.33900 0.19900
0.17000 0.31900 0.17500 0.33600
URL None

MOTIF Cbfb
letter-probability matrix: alength= 4 w= 11 nsites= 1000
0.01500 0.26400 0.17900 0.54200
0.04204 0.41842 0.13313 0.40641
0.03003 0.00000 0.04805 0.92192
0.00000 0.15200 0.81200 0.03600
0.00000 0.24800 0.00000 0.75200
0.07300 0.00000 0.92700 0.00000
0.03600 0.00000 0.96400 0.00000
0.00000 0.00000 0.23600 0.76400
0.05500 0.42400 0.04800 0.47300
0.38200 0.03600 0.18800 0.39400
0.05500 0.32100 0.33900 0.28500
URL None

MOTIF Cdc5l
letter-probability matrix: alength= 4 w= 12 nsites= 1000
0.00000 0.10000 0.90000 0.00000
0.60000 0.10000 0.10000 0.20000
0.10000 0.00000 0.30000 0.60000
0.10000 0.00000 0.10000 0.80000
0.10000 0.00000 0.00000 0.90000
1.00000 0.00000 0.00000 0.00000
0.80000 0.10000 0.00000 0.10000
0.10000 0.70000 0.00000 0.20000
0.60000 0.00000 0.30000 0.10000
0.10000 0.10000 0.00000 0.80000
0.80000 0.10000 0.10000 0.00000
0.60000 0.00000 0.20000 0.20000
URL None

MOTIF Cdx1
letter-probability matrix: alength= 4 w= 9 nsites= 1000
0.16800 0.16400 0.14600 0.52200
0.21121 0.11111 0.09209 0.58559
0.33267 0.03796 0.15285 0.47652
0.83383 0.02302 0.04304 0.10010
0.01500 0.17800 0.06400 0.74300
0.15100 0.07600 0.32700 0.44600
0.42800 0.07400 0.39500 0.10300
0.14014 0.39239 0.21722 0.25025
0.23500 0.30500 0.21500 0.24500
URL None

MOTIF Cdx2
letter-probability matrix: alength= 4 w= 12 nsites= 1000
0.11800 0.16200 0.13000 0.59000
0.01800 0.00800 0.01200 0.96200
0.00800 0.01200 0.00200 0.97800
0.03400 0.01800 0.02000 0.92800
0.95000 0.01800 0.01600 0.01600
0.00200 0.06200 0.01200 0.92400
0.11200 0.00600 0.46000 0.42200
0.38600 0.01200 0.56200 0.04000
0.03800 0.75400 0.06200 0.14600
0.12400 0.43000 0.04000 0.40600
0.11400 0.25000 0.16000 0.47600
0.09200 0.22600 0.12200 0.56000
URL None

MOTIF Cdx4
letter-probability matrix: alength= 4 w= 12 nsites= 1000
0.25000 0.01800 0.11200 0.62000
0.18400 0.00600 0.70200 0.10800
0.82200 0.04600 0.01600 0.11600
0.02200 0.01000 0.02000 0.94800
0.01600 0.00600 0.02200 0.95600
0.08400 0.04600 0.08400 0.78600
0.96200 0.01400 0.02000 0.00400
0.04000 0.18200 0.03800 0.74000
0.17000 0.03200 0.46800 0.33000
0.20800 0.05400 0.64400 0.09400
0.07600 0.56200 0.16000 0.20200
0.19400 0.41400 0.12000 0.27200
URL None

MOTIF Cebpa
letter-probability matrix: alength= 4 w= 8 nsites= 1000
0.00000 0.00000 0.00000 1.00000
0.00000 0.00000 0.11500 0.88500
0.33100 0.00000 0.37800 0.29100
0.00000 0.91300 0.00000 0.08700
0.00000 0.00000 1.00000 0.00000
0.03400 0.74200 0.00000 0.22400
1.00000 0.00000 0.00000 0.00000
1.00000 0.00000 0.00000 0.00000
URL None

MOTIF Cebpb
letter-probability matrix: alength= 4 w= 10 nsites= 1000
0.40900 0.18700 0.29400 0.11000
0.04500 0.06200 0.04500 0.84800
0.03700 0.02500 0.29500 0.64300
0.32000 0.02500 0.41100 0.24400
0.09500 0.52600 0.12100 0.25800
0.11100 0.04500 0.75600 0.08800
0.13700 0.58200 0.00000 0.28100
1.00000 0.00000 0.00000 0.00000
0.99900 0.00000 0.00000 0.00100
0.06200 0.29800 0.20800 0.43200
URL None

MOTIF Cebpe
letter-probability matrix: alength= 4 w= 8 nsites= 1000
0.00000 0.00000 0.00000 1.00000
0.11300 0.00000 0.19400 0.69300
0.31400 0.00000 0.22900 0.45700
0.00000 0.59700 0.03900 0.36400
0.08900 0.01300 0.87300 0.02500
0.05100 0.81000 0.00000 0.13900
0.87300 0.12700 0.00000 0.00000
0.95804 0.01399 0.01399 0.01399
URL None

MOTIF Cebpg
letter-probability matrix: alength= 4 w= 11 nsites= 1000
0.31532 0.22823 0.22823 0.22823
0.04400 0.04400 0.04400 0.86800
0.02897 0.02897 0.09890 0.84316
0.48300 0.00000 0.43100 0.08600
0.00000 1.00000 0.00000 0.00000
0.00000 0.00000 1.00000 0.00000
0.05694 0.82517 0.00000 0.11788
1.00000 0.00000 0.00000 0.00000
0.93407 0.02198 0.02198 0.02198
0.20600 0.20600 0.20600 0.38200
0.33634 0.22122 0.22122 0.22122
URL None

MOTIF Cenpb
letter-probability matrix: alength= 4 w= 15 nsites= 1000
0.09800 0.79700 0.00000 0.10500
0.01700 0.95700 0.00100 0.02500
0.00000 0.99700 0.00000 0.00300
0.02803 0.03003 0.90791 0.03403
0.00100 0.58300 0.14900 0.26700
0.39560 0.11289 0.20579 0.28571
0.04700 0.06900 0.00000 0.88400
0.30600 0.29400 0.20700 0.19300
0.23177 0.31668 0.26474 0.18681
0.38900 0.14700 0.13600 0.32800
0.53646 0.10090 0.27572 0.08691
0.04795 0.93307 0.00200 0.01698
0.13300 0.01300 0.85400 0.00000
0.68631 0.07193 0.00799 0.23377
0.91009 0.04695 0.00999 0.03297
URL None

MOTIF Cic
letter-probability matrix: alength= 4 w= 10 nsites= 1000
0.27928 0.18118 0.18118 0.35836
0.29000 0.18900 0.21200 0.30900
0.00000 0.00000 0.00000 1.00000
0.00000 0.00000 1.00000 0.00000
0.00000 1.00000 0.00000 0.00000
0.00000 0.00000 0.00000 1.00000
0.00000 0.00000 1.00000 0.00000
1.00000 0.00000 0.00000 0.00000
0.06900 0.61300 0.16200 0.15600
0.24100 0.14700 0.14700 0.46500
URL None

MOTIF Clock
letter-probability matrix: alength= 4 w= 8 nsites= 1000
0.01700 0.94200 0.01200 0.02900
0.97500 0.00100 0.01600 0.00800
0.00100 0.91000 0.01300 0.07600
0.04900 0.00100 0.94900 0.00100
0.01300 0.00600 0.00100 0.98000
0.02700 0.01800 0.93500 0.02000
0.32432 0.16416 0.21922 0.29229
0.14985 0.48751 0.13087 0.23177
URL None

MOTIF Cphx1
letter-probability matrix: alength= 4 w= 10 nsites= 1000
0.23500 0.09400 0.09200 0.57900
0.12488 0.08791 0.63536 0.15185
0.71700 0.05800 0.03200 0.19300
0.12388 0.12288 0.13986 0.61339
0.21778 0.15684 0.21179 0.41359
0.24900 0.13700 0.42400 0.19000
0.28172 0.23776 0.33067 0.14985
0.31369 0.24176 0.16384 0.28072
0.22800 0.18900 0.17600 0.40700
0.21600 0.35000 0.20400 0.23000
URL None

MOTIF Cphx2
letter-probability matrix: alength= 4 w= 10 nsites= 1000
0.23500 0.09400 0.09200 0.57900
0.12488 0.08791 0.63536 0.15185
0.71700 0.05800 0.03200 0.19300
0.12388 0.12288 0.13986 0.61339
0.21778 0.15684 0.21179 0.41359
0.24900 0.13700 0.42400 0.19000
0.28172 0.23776 0.33067 0.14985
0.31369 0.24176 0.16384 0.28072
0.22800 0.18900 0.17600 0.40700
0.21600 0.35000 0.20400 0.23000
URL None

MOTIF Cphx3
letter-probability matrix: alength= 4 w= 10 nsites= 1000
0.23500 0.09400 0.09200 0.57900
0.12488 0.08791 0.63536 0.15185
0.71700 0.05800 0.03200 0.19300
0.12388 0.12288 0.13986 0.61339
0.21778 0.15684 0.21179 0.41359
0.24900 0.13700 0.42400 0.19000
0.28172 0.23776 0.33067 0.14985
0.31369 0.24176 0.16384 0.28072
0.22800 0.18900 0.17600 0.40700
0.21600 0.35000 0.20400 0.23000
URL None

MOTIF Creb1
letter-probability matrix: alength= 4 w= 11 nsites= 1000
0.22422 0.22422 0.22422 0.32733
0.15916 0.34134 0.34034 0.15916
0.33233 0.07207 0.52352 0.07207
0.00000 0.00000 0.00000 1.00000
0.00000 0.00000 1.00000 0.00000
1.00000 0.00000 0.00000 0.00000
0.00000 1.00000 0.00000 0.00000
0.00000 0.00000 1.00000 0.00000
0.02597 0.37562 0.02597 0.57243
0.16800 0.47700 0.26400 0.09100
0.37862 0.17782 0.26573 0.17782
URL None

MOTIF Creb3
letter-probability matrix: alength= 4 w= 12 nsites= 1000
0.18900 0.22400 0.38600 0.20100
0.34500 0.12400 0.48100 0.05000
0.02100 0.06000 0.02000 0.89900
0.02300 0.04200 0.79700 0.13800
0.97600 0.00200 0.01700 0.00500
0.00100 0.94700 0.00200 0.05000
0.05400 0.00000 0.94600 0.00000
0.01700 0.02400 0.00000 0.95900
0.13500 0.79600 0.04300 0.02600
0.89890 0.03103 0.05405 0.01602
0.05100 0.48700 0.12100 0.34100
0.21100 0.36500 0.23600 0.18800
URL None

MOTIF Creb3l1
letter-probability matrix: alength= 4 w= 14 nsites= 1000
0.12312 0.16216 0.06306 0.65165
0.08900 0.07200 0.75400 0.08500
0.44745 0.18619 0.27728 0.08909
0.04805 0.08809 0.04004 0.82382
0.01199 0.04795 0.79620 0.14386
0.98599 0.00400 0.00000 0.01001
0.00000 0.96597 0.00400 0.03003
0.00000 0.00400 0.99600 0.00000
0.00000 0.00400 0.00000 0.99600
0.00701 0.00000 0.98899 0.00400
0.00300 0.00000 0.91400 0.08300
0.02503 0.94294 0.00400 0.02803
0.74875 0.03203 0.17718 0.04204
0.14900 0.27000 0.21300 0.36800
URL None

MOTIF Creb3l2
letter-probability matrix: alength= 4 w= 9 nsites= 1000
0.49800 0.25000 0.00200 0.25000
0.00100 0.85485 0.14314 0.00100
0.99700 0.00100 0.00100 0.00100
0.00100 0.99700 0.00100 0.00100
0.00100 0.00100 0.99700 0.00100
0.00100 0.00100 0.00100 0.99700
0.00100 0.12600 0.87200 0.00100
0.12600 0.00100 0.62300 0.25000
0.25025 0.74575 0.00200 0.00200
URL None

MOTIF Creb5
letter-probability matrix: alength= 4 w= 12 nsites= 1000
0.32468 0.19980 0.28771 0.18781
0.87600 0.05400 0.06100 0.00900
0.00200 0.00400 0.00000 0.99400
0.00300 0.00100 0.79800 0.19800
0.99700 0.00000 0.00000 0.00300
0.00000 0.98500 0.00000 0.01500
0.03900 0.00000 0.96100 0.00000
0.00500 0.00200 0.00000 0.99301
0.19800 0.80100 0.00000 0.00100
0.99900 0.00000 0.00000 0.00100
0.00700 0.48900 0.02000 0.48400
0.20000 0.39600 0.10000 0.30400
URL None

MOTIF Crebl2
letter-probability matrix: alength= 4 w= 10 nsites= 1000
0.38500 0.00700 0.56100 0.04700
0.00200 0.12300 0.00100 0.87400
0.06507 0.03403 0.47147 0.42943
0.89411 0.01698 0.03297 0.05594
0.00400 0.98700 0.00500 0.00400
0.02398 0.00200 0.97203 0.00200
0.03500 0.00600 0.02100 0.93800
0.33766 0.58042 0.03097 0.05095
0.86300 0.01300 0.11000 0.01400
0.05295 0.08691 0.01598 0.84416
URL None

MOTIF Crebzf
letter-probability matrix: alength= 4 w= 8 nsites= 1000
0.49900 0.12600 0.00100 0.37400
0.49900 0.00100 0.00100 0.49900
0.99700 0.00100 0.00100 0.00100
0.00100 0.99700 0.00100 0.00100
0.00100 0.00100 0.99700 0.00100
0.00100 0.00100 0.00100 0.99700
0.49900 0.00100 0.00100 0.49900
0.20000 0.00200 0.39900 0.39900
URL None

MOTIF Crem
letter-probability matrix: alength= 4 w= 10 nsites= 1000
0.18300 0.18300 0.27100 0.36300
0.64565 0.08709 0.18018 0.08709
0.00000 0.00000 0.00000 1.00000
0.00000 0.00000 0.72500 0.27500
1.00000 0.00000 0.00000 0.00000
0.00000 1.00000 0.00000 0.00000
0.00000 0.00000 1.00000 0.00000
0.00000 0.00000 0.00000 1.00000
0.54800 0.31800 0.06700 0.06700
0.51100 0.16300 0.16300 0.16300
URL None

MOTIF Crx
letter-probability matrix: alength= 4 w= 13 nsites= 1000
0.09800 0.34400 0.32400 0.23400
0.13800 0.52600 0.06600 0.27000
0.08200 0.03400 0.00400 0.88000
0.89600 0.02400 0.05800 0.02200
1.00000 0.00000 0.00000 0.00000
0.00200 0.01600 0.21800 0.76400
0.02200 0.93600 0.01000 0.03200
0.02600 0.77600 0.00600 0.19200
0.07600 0.26200 0.16400 0.49800
0.17000 0.56600 0.09200 0.17200
0.10400 0.27600 0.04600 0.57400
0.10000 0.26200 0.10400 0.53400
0.43600 0.15200 0.16400 0.24800
URL None

MOTIF Ctcf
letter-probability matrix: alength= 4 w= 15 nsites= 1000
0.47600 0.05500 0.33700 0.13200
0.09700 0.28800 0.52600 0.08900
0.03000 0.53600 0.00200 0.43200
0.08208 0.00701 0.75475 0.15616
0.05200 0.86100 0.01000 0.07700
0.00700 0.98300 0.00000 0.01000
0.35465 0.59041 0.01998 0.03497
0.00500 0.56300 0.00500 0.42700
0.00200 0.99600 0.00200 0.00000
0.01000 0.02000 0.01000 0.96000
0.36000 0.04700 0.38500 0.20800
0.00200 0.39239 0.54855 0.05706
0.08909 0.04705 0.01201 0.85185
0.00000 0.00000 0.99300 0.00700
0.03200 0.02000 0.87600 0.07200
URL None

MOTIF Ctcfl
letter-probability matrix: alength= 4 w= 18 nsites= 1000
0.28871 0.26074 0.36563 0.08492
0.05500 0.39800 0.31300 0.23400
0.40400 0.09500 0.39000 0.11100
0.04004 0.14915 0.78879 0.02202
0.00400 0.85900 0.00200 0.13500
0.00601 0.00000 0.94795 0.04605
0.03804 0.94194 0.01802 0.00200
0.00400 0.98400 0.00400 0.00800
0.11500 0.78800 0.05300 0.04400
0.00400 0.82600 0.00000 0.17000
0.00000 0.99200 0.00400 0.00400
0.02200 0.05100 0.02600 0.90100
0.27273 0.08092 0.59341 0.05295
0.01000 0.38400 0.50900 0.09700
0.15200 0.39800 0.10700 0.34300
0.00800 0.00800 0.96800 0.01600
0.04200 0.08500 0.81800 0.05500
0.12700 0.47700 0.20200 0.19400
URL None

MOTIF Cux1
letter-probability matrix: alength= 4 w= 8 nsites= 1000
0.23400 0.27200 0.20300 0.29100
0.18900 0.25600 0.05600 0.49900
0.31200 0.11800 0.35900 0.21100
0.64535 0.17383 0.00100 0.17982
0.16883 0.26474 0.00100 0.56543
0.21279 0.51349 0.07493 0.19880
0.34700 0.29900 0.15400 0.20000
0.24825 0.26927 0.24825 0.23423
URL None

MOTIF Cux2
letter-probability matrix: alength= 4 w= 11 nsites= 1000
0.15700 0.19000 0.21100 0.44200
0.10200 0.20000 0.16800 0.53000
0.05900 0.40500 0.18200 0.35400
0.82400 0.09600 0.00600 0.07400
0.01602 0.02202 0.17017 0.79179
0.02202 0.08008 0.06507 0.83283
0.00800 0.04500 0.93700 0.01000
0.82400 0.04700 0.05100 0.07800
0.04300 0.15500 0.08400 0.71800
0.06100 0.33100 0.03500 0.57300
0.23924 0.10210 0.19019 0.46847
URL None

MOTIF Cxxc1
letter-probability matrix: alength= 4 w= 7 nsites= 1000
0.24076 0.24775 0.24276 0.26873
0.23123 0.26326 0.20521 0.30030
0.33900 0.22800 0.21400 0.21900
0.12300 0.31500 0.37800 0.18400
0.00100 0.98202 0.00000 0.01698
0.02300 0.00000 0.97700 0.00000
0.16500 0.13300 0.45300 0.24900
URL None

MOTIF Cxxc4
letter-probability matrix: alength= 4 w= 8 nsites= 1000
0.31000 0.19600 0.22500 0.26900
0.21822 0.22723 0.21822 0.33634
0.27500 0.17400 0.20400 0.34700
0.47447 0.03604 0.30230 0.18719
0.12400 0.69700 0.00000 0.17900
0.11300 0.10800 0.62100 0.15800
0.16300 0.22600 0.22200 0.38900
0.26673 0.21179 0.27772 0.24376
URL None

MOTIF Cxxc5
letter-probability matrix: alength= 4 w= 8 nsites= 1000
0.31000 0.19600 0.22500 0.26900
0.21822 0.22723 0.21822 0.33634
0.27500 0.17400 0.20400 0.34700
0.47447 0.03604 0.30230 0.18719
0.12400 0.69700 0.00000 0.17900
0.11300 0.10800 0.62100 0.15800
0.16300 0.22600 0.22200 0.38900
0.26673 0.21179 0.27772 0.24376
URL None

MOTIF Dbp
letter-probability matrix: alength= 4 w= 12 nsites= 1000
0.16500 0.29400 0.21200 0.32900
0.52800 0.11000 0.35900 0.00300
0.00000 0.00100 0.00000 0.99900
0.00100 0.00100 0.02803 0.96997
0.98198 0.00000 0.01802 0.00000
0.00100 0.91400 0.00000 0.08500
0.17317 0.00100 0.82583 0.00000
0.00000 0.04200 0.00000 0.95800
0.97698 0.02302 0.00000 0.00000
1.00000 0.00000 0.00000 0.00000
0.00300 0.54400 0.05800 0.39500
0.39000 0.32700 0.14600 0.13700
URL None

MOTIF Dbx1
letter-probability matrix: alength= 4 w= 8 nsites= 1000
0.74575 0.00200 0.00200 0.25025
0.20000 0.00200 0.00200 0.79600
0.00200 0.00200 0.00200 0.99400
0.79600 0.00200 0.00200 0.20000
0.99400 0.00200 0.00200 0.00200
0.00200 0.00200 0.00200 0.99400
0.20000 0.00200 0.00200 0.79600
0.99399 0.00200 0.00200 0.00200
URL None

MOTIF Dbx2
letter-probability matrix: alength= 4 w= 7 nsites= 1000
0.20600 0.15900 0.14900 0.48600
0.34200 0.19000 0.16800 0.30000
0.55245 0.08591 0.14785 0.21379
0.14200 0.05900 0.13100 0.66800
0.16100 0.24500 0.20500 0.38900
0.32900 0.13200 0.36400 0.17500
0.27300 0.29200 0.25400 0.18100
URL None

MOTIF Ddit3
letter-probability matrix: alength= 4 w= 10 nsites= 1000
0.43600 0.40000 0.14600 0.01800
0.02200 0.01800 0.01600 0.94400
0.01200 0.02800 0.93000 0.03000
0.90000 0.02800 0.03200 0.04000
0.02200 0.05800 0.04600 0.87400
0.01400 0.00800 0.95200 0.02600
0.33600 0.43200 0.00400 0.22800
0.88400 0.11200 0.00400 0.00000
0.98800 0.00000 0.00800 0.00400
0.07200 0.24200 0.16400 0.52200
URL None

MOTIF Dlx1
letter-probability matrix: alength= 4 w= 8 nsites= 1000
0.24600 0.18700 0.30100 0.26600
0.06800 0.00800 0.01400 0.91000
0.87900 0.02600 0.06800 0.02700
0.99200 0.00300 0.00500 0.00000
0.02300 0.01000 0.05100 0.91600
0.05800 0.04700 0.06900 0.82600
0.42400 0.01100 0.51000 0.05500
0.17700 0.28000 0.29300 0.25000
URL None

MOTIF Dlx2
letter-probability matrix: alength= 4 w= 8 nsites= 1000
0.26900 0.22300 0.23800 0.27000
0.04000 0.00400 0.00300 0.95300
0.91900 0.03800 0.02600 0.01700
1.00000 0.00000 0.00000 0.00000
0.01300 0.00100 0.02000 0.96600
0.03400 0.03200 0.04400 0.89000
0.43900 0.00900 0.51400 0.03800
0.16500 0.34500 0.25900 0.23100
URL None

MOTIF Dlx3
letter-probability matrix: alength= 4 w= 9 nsites= 1000
0.31600 0.22000 0.20500 0.25900
0.15200 0.06800 0.02100 0.75900
0.84600 0.04900 0.10300 0.00200
0.95195 0.00000 0.02202 0.02603
0.07600 0.05700 0.09500 0.77200
0.16200 0.12400 0.18000 0.53400
0.37700 0.08200 0.41200 0.12900
0.19400 0.31900 0.26900 0.21800
0.22300 0.28000 0.22500 0.27200
URL None

MOTIF Dlx4
letter-probability matrix: alength= 4 w= 8 nsites= 1000
0.29200 0.22500 0.21600 0.26700
0.18400 0.11400 0.06600 0.63600
0.74174 0.04004 0.17217 0.04605
0.87200 0.00100 0.05400 0.07300
0.09209 0.09610 0.12212 0.68969
0.17300 0.15000 0.20700 0.47000
0.35100 0.10600 0.39500 0.14800
0.20500 0.30900 0.27100 0.21500
URL None

MOTIF Dlx5
letter-probability matrix: alength= 4 w= 7 nsites= 1000
0.20500 0.11000 0.08900 0.59600
0.63700 0.08400 0.18200 0.09700
0.80020 0.00699 0.07193 0.12088
0.09600 0.11800 0.13300 0.65300
0.16200 0.17300 0.21200 0.45300
0.31300 0.10300 0.44900 0.13500
0.20000 0.30500 0.27600 0.21900
URL None

MOTIF Dlx6
letter-probability matrix: alength= 4 w= 8 nsites= 1000
0.23800 0.18000 0.31400 0.26800
0.06707 0.00601 0.01001 0.91692
0.91009 0.02398 0.04895 0.01698
0.99500 0.00000 0.00000 0.00500
0.02000 0.00000 0.04400 0.93600
0.05700 0.04400 0.08500 0.81400
0.43600 0.00800 0.50700 0.04900
0.15800 0.25900 0.35300 0.23000
URL None

MOTIF Dmbx1
letter-probability matrix: alength= 4 w= 9 nsites= 1000
0.21300 0.29900 0.16400 0.32400
0.15400 0.03800 0.03100 0.77700
0.77800 0.03100 0.09000 0.10100
0.94600 0.01400 0.01500 0.02500
0.04500 0.02800 0.15700 0.77000
0.12000 0.68900 0.07100 0.12000
0.07700 0.56700 0.11400 0.24200
0.15784 0.31469 0.28771 0.23976
0.21900 0.29600 0.22200 0.26300
URL None

MOTIF Dmrt1
letter-probability matrix: alength= 4 w= 17 nsites= 1000
0.20400 0.23200 0.11800 0.44600
0.31200 0.04200 0.27200 0.37400
0.06200 0.04600 0.86400 0.02800
0.38800 0.33600 0.04600 0.23000
0.36000 0.10200 0.07400 0.46400
0.95800 0.01400 0.01000 0.01800
0.04000 0.93400 0.01000 0.01600
0.87800 0.00600 0.00200 0.11400
0.76200 0.23800 0.00000 0.00000
0.32400 0.00600 0.01600 0.65400
0.01000 0.02000 0.96800 0.00200
0.03000 0.00400 0.00800 0.95800
0.50000 0.04200 0.11200 0.34600
0.26000 0.02600 0.40000 0.31400
0.01200 0.91600 0.02600 0.04600
0.46600 0.23800 0.03400 0.26200
0.47800 0.17400 0.19400 0.15400
URL None

MOTIF Dmrt2
letter-probability matrix: alength= 4 w= 10 nsites= 1000
0.15215 0.15215 0.24625 0.44945
0.76500 0.04800 0.04800 0.13900
1.00000 0.00000 0.00000 0.00000
0.00000 0.00000 0.00000 1.00000
0.13000 0.00000 0.48900 0.38100
0.00000 0.00000 0.00000 1.00000
0.90900 0.00000 0.00000 0.09100
0.09200 0.00000 0.00000 0.90800
0.27928 0.19520 0.09810 0.42743
0.39400 0.20200 0.20200 0.20200
URL None

MOTIF Dmrt3
letter-probability matrix: alength= 4 w= 11 nsites= 1000
0.45255 0.23976 0.15385 0.15385
0.53846 0.12288 0.12288 0.21578
0.10589 0.02198 0.02198 0.85015
0.00000 0.00000 1.00000 0.00000
0.00000 0.00000 0.00000 1.00000
1.00000 0.00000 0.00000 0.00000
0.20200 0.00000 0.10400 0.69400
0.00000 1.00000 0.00000 0.00000
0.61800 0.18800 0.09700 0.09700
0.50951 0.12713 0.12713 0.23624
0.22823 0.22823 0.22823 0.31532
URL None

MOTIF Dmrta1
letter-probability matrix: alength= 4 w= 10 nsites= 1000
0.38639 0.18619 0.15516 0.27227
0.35664 0.19780 0.17383 0.27173
0.28300 0.15400 0.06700 0.49600
0.14600 0.11900 0.58700 0.14800
0.13500 0.13800 0.08300 0.64400
0.43043 0.11111 0.16116 0.29730
0.31900 0.10600 0.23600 0.33900
0.16800 0.49400 0.12900 0.20900
0.33133 0.21121 0.22422 0.23323
0.37900 0.17200 0.21900 0.23000
URL None

MOTIF Dmrta2
letter-probability matrix: alength= 4 w= 10 nsites= 1000
0.39200 0.18300 0.14900 0.27600
0.37800 0.18200 0.15100 0.28900
0.27772 0.14386 0.09191 0.48651
0.16200 0.07900 0.55800 0.20100
0.13200 0.10700 0.10800 0.65300
0.41800 0.09800 0.16800 0.31600
0.28900 0.10800 0.22500 0.37800
0.18900 0.45200 0.13700 0.22200
0.33033 0.19219 0.23524 0.24224
0.34535 0.19319 0.22222 0.23924
URL None

MOTIF Dmrtb1
letter-probability matrix: alength= 4 w= 16 nsites= 1000
0.27400 0.06600 0.33600 0.32400
